760
57 60 58 61 59
59 68 77 62 71
50 59 68 53 62
41 50 59 44 53
56 65 74 59 68
47 56 65 50 59
57 58 61 59 62
54 55 58 56 59
59 68 77 71 80
50 59 68 62 71
41 50 59 53 62
47 56 65 59 68
38 47 56 50 59
55 58 56 59 62
56 65 59 68 71
47 56 50 59 62
55 58 61 56 59
56 65 59 68 62
47 56 50 59 53
60 58 61 59 62
57 55 58 56 59
59 68 53 62 71
50 59 44 53 62
65 74 59 68 77
56 65 50 59 68
47 56 41 50 59
54 57 55 58 59
59 68 62 71 80
50 59 53 62 71
56 65 59 68 77
47 56 50 59 68
38 47 41 50 59
55 58 61 59 62
56 59 68 62 71
47 50 59 53 62
58 61 56 59 62
65 59 68 62 71
56 50 59 53 62
57 66 58 67 59
58 67 59 68 77
49 58 50 59 68
40 49 41 50 59
66 58 67 59 68
57 49 58 50 59
49 58 67 59 68
40 49 58 50 59
48 57 49 58 59
58 67 76 59 68
49 58 67 50 59
57 58 67 59 68
48 49 58 50 59
67 76 59 68 77
58 67 50 59 68
49 58 41 50 59
72 75 73 76 74
65 74 83 68 77
72 73 76 74 77
65 74 83 77 86
56 65 74 68 77
73 76 74 77 80
74 83 77 86 89
65 74 68 77 80
73 76 79 74 77
74 83 77 86 80
65 74 68 77 71
75 73 76 74 77
74 83 68 77 86
65 74 68 77 86
74 77 86 80 89
76 79 74 77 80
74 68 77 71 80
72 81 73 82 74
64 73 65 74 83
55 64 56 65 74
81 73 82 74 83
72 64 73 65 74
64 73 82 74 83
55 64 73 65 74
63 72 64 73 74
64 73 82 65 74
72 73 82 74 83
63 64 73 65 74
73 82 65 74 83
64 73 56 65 74
48 49 52 50 53
32 41 50 44 53
46 49 47 50 53
38 47 41 50 53
51 49 52 50 53
41 50 35 44 53
48 51 49 52 53
41 50 44 53 62
32 41 35 44 53
46 49 52 50 53
38 41 50 44 53
49 52 47 50 53
47 41 50 44 53
51 60 52 61 53
52 61 53 62 71
43 52 44 53 62
34 43 35 44 53
60 52 61 53 62
51 43 52 44 53
43 52 61 53 62
34 43 52 44 53
42 51 43 52 53
52 61 70 53 62
43 52 61 44 53
51 52 61 53 62
42 43 52 44 53
61 70 53 62 71
52 61 44 53 62
43 52 35 44 53
54 57 55 58 56
57 66 75 60 69
48 57 66 51 60
39 48 57 42 51
54 63 72 57 66
45 54 63 48 57
57 66 75 69 78
48 57 66 60 69
39 48 57 51 60
45 54 63 57 66
36 45 54 48 57
54 57 55 58 61
54 63 57 66 69
45 54 48 57 60
54 57 60 55 58
54 63 57 66 60
45 54 48 57 51
57 66 51 60 69
48 57 42 51 60
63 72 57 66 75
54 63 48 57 66
45 54 39 48 57
57 60 58 61 62
57 66 60 69 78
48 57 51 60 69
54 63 57 66 75
45 54 48 57 66
36 45 39 48 57
54 57 60 58 61
54 57 66 60 69
45 48 57 51 60
57 60 55 58 61
63 57 66 60 69
54 48 57 51 60
48 57 49 58 50
57 66 58 67 76
48 57 49 58 67
57 66 75 67 76
48 57 66 58 67
39 48 57 49 58
57 66 58 67 68
57 66 75 58 67
48 57 66 49 58
39 48 57 40 49
57 66 49 58 67
48 57 40 49 58
9 12 10 13 11
10 19 28 13 22
1 10 19 4 13
9 10 13 11 14
10 19 28 22 31
1 10 19 13 22
10 13 11 14 17
9 12 10 13 16
10 19 13 22 25
1 10 4 13 16
10 13 16 11 14
9 12 15 10 13
10 19 13 22 16
1 10 4 13 7
12 10 13 11 14
10 19 4 13 22
9 12 10 13 14
10 19 13 22 31
1 10 4 13 22
10 13 16 14 17
10 13 22 16 25
12 15 10 13 16
10 4 13 7 16
9 18 10 19 11
0 9 1 10 2
10 19 11 20 29
1 10 2 11 20
9 18 10 19 28
0 9 1 10 19
18 10 19 11 20
9 1 10 2 11
10 19 28 20 29
1 10 19 11 20
0 9 18 10 19
9 18 10 19 20
0 9 1 10 11
10 19 28 11 20
1 10 19 2 11
9 18 27 10 19
0 9 18 1 10
9 10 19 11 20
0 1 10 2 11
10 19 2 11 20
18 27 10 19 28
9 18 1 10 19
63 66 64 67 65
63 72 81 66 75
63 64 67 65 68
63 72 81 75 84
54 63 72 66 75
63 66 64 67 70
63 72 66 75 78
63 66 69 64 67
63 72 66 75 69
63 66 64 67 68
63 72 66 75 84
63 66 69 67 70
63 66 75 69 78
63 72 64 73 65
54 63 55 64 56
63 72 64 73 82
54 63 55 64 73
63 55 64 56 65
63 72 81 73 82
54 63 72 64 73
45 54 63 55 64
54 63 55 64 65
63 72 81 64 73
54 63 72 55 64
45 54 63 46 55
63 72 55 64 73
54 63 46 55 64
39 42 40 43 41
30 39 48 33 42
30 39 48 42 51
21 30 39 33 42
27 36 30 39 42
36 39 42 37 40
36 45 39 48 42
42 40 43 41 44
39 48 33 42 51
30 39 24 33 42
39 42 40 43 44
39 48 42 51 60
30 39 33 42 51
21 30 24 33 42
36 39 42 40 43
36 39 48 42 51
27 30 39 33 42
39 42 37 40 43
45 39 48 42 51
36 30 39 33 42
42 51 43 52 44
33 42 34 43 35
42 51 43 52 61
33 42 34 43 52
42 34 43 35 44
42 51 60 52 61
33 42 51 43 52
24 33 42 34 43
33 42 34 43 44
42 51 60 43 52
33 42 51 34 43
24 33 42 25 34
42 51 34 43 52
33 42 25 34 43
3 6 4 7 5
0 3 1 4 2
4 13 22 7 16
3 4 7 5 8
0 1 4 2 5
4 13 22 16 25
1 4 2 5 8
0 3 1 4 7
1 4 7 2 5
0 3 6 1 4
6 4 7 5 8
3 1 4 2 5
3 6 4 7 8
0 3 1 4 5
4 13 7 16 25
1 4 7 5 8
0 3 6 4 7
1 4 13 7 16
4 7 2 5 8
3 6 1 4 7
3 12 4 13 5
4 13 5 14 23
3 12 4 13 22
12 4 13 5 14
4 13 22 14 23
3 12 4 13 14
4 13 22 5 14
3 12 21 4 13
3 4 13 5 14
12 21 4 13 22
84 87 85 88 86
81 84 82 85 83
67 76 85 70 79
84 85 88 86 89
81 82 85 83 86
67 76 85 79 88
64 73 82 76 85
82 85 83 86 89
81 84 82 85 88
73 82 76 85 88
82 85 88 83 86
81 84 87 82 85
73 82 76 85 79
87 85 88 86 89
84 82 85 83 86
76 85 70 79 88
73 82 67 76 85
84 87 85 88 89
81 84 82 85 86
64 73 67 76 85
82 85 88 86 89
81 84 87 85 88
73 76 85 79 88
85 88 83 86 89
84 87 82 85 88
82 76 85 79 88
75 84 76 85 77
66 75 67 76 85
84 76 85 77 86
67 76 85 77 86
66 75 84 76 85
75 84 76 85 86
67 76 85 68 77
75 76 85 77 86
76 85 68 77 86
75 84 67 76 85
11 20 29 14 23
2 11 20 5 14
11 20 29 23 32
2 11 20 14 23
11 20 14 23 26
2 11 5 14 17
11 20 14 23 17
2 11 5 14 8
11 20 5 14 23
11 20 14 23 32
2 11 5 14 23
11 14 23 17 26
13 16 11 14 17
11 5 14 8 17
19 28 11 20 29
68 77 86 71 80
66 67 70 68 71
64 67 65 68 71
69 67 70 68 71
77 86 71 80 89
68 77 62 71 80
66 69 67 70 71
68 77 71 80 89
64 67 70 68 71
65 68 77 71 80
67 70 65 68 71
69 78 70 79 71
70 79 71 80 89
61 70 62 71 80
78 70 79 71 80
69 61 70 62 71
61 70 79 71 80
52 61 70 62 71
60 69 61 70 71
70 79 88 71 80
61 70 79 62 71
69 70 79 71 80
60 61 70 62 71
79 88 71 80 89
70 79 62 71 80
75 78 76 79 77
66 75 84 69 78
75 76 79 77 80
66 75 84 78 87
72 75 73 76 79
72 81 75 84 87
72 75 78 73 76
72 81 75 84 78
75 84 69 78 87
66 75 60 69 78
72 81 66 75 84
75 78 76 79 80
72 75 73 76 77
66 75 69 78 87
72 75 78 76 79
72 75 84 78 87
75 78 73 76 79
81 75 84 78 87
72 66 75 69 78
66 75 67 76 68
75 67 76 68 77
66 75 67 76 77
66 75 84 67 76
66 75 58 67 76
0 9 18 3 12
0 9 18 12 21
0 9 3 12 15
0 9 3 12 6
0 9 3 12 21
0 3 12 6 15
72 81 73 82 83
72 81 64 73 82
60 69 61 70 62
60 69 61 70 79
51 60 52 61 70
60 69 78 70 79
51 60 69 61 70
51 60 52 61 62
60 69 78 61 70
51 60 69 52 61
60 69 52 61 70
51 60 43 52 61
21 24 22 25 23
18 21 19 22 20
22 31 40 25 34
13 22 31 16 25
19 28 37 22 31
21 22 25 23 26
18 19 22 20 23
22 31 40 34 43
13 22 31 25 34
19 22 20 23 26
18 21 19 22 25
19 28 22 31 34
19 22 25 20 23
18 21 24 19 22
19 28 22 31 25
24 22 25 23 26
21 19 22 20 23
22 31 16 25 34
13 22 7 16 25
28 37 22 31 40
19 28 13 22 31
21 24 22 25 26
18 21 19 22 23
22 31 25 34 43
13 22 16 25 34
19 28 22 31 40
19 22 25 23 26
18 21 24 22 25
19 22 31 25 34
22 25 20 23 26
21 24 19 22 25
28 22 31 25 34
19 13 22 16 25
21 30 22 31 23
12 21 13 22 14
22 31 23 32 41
13 22 14 23 32
21 30 22 31 40
12 21 13 22 31
30 22 31 23 32
21 13 22 14 23
22 31 40 32 41
13 22 31 23 32
12 21 30 22 31
3 12 21 13 22
21 30 22 31 32
12 21 13 22 23
22 31 40 23 32
13 22 31 14 23
21 30 39 22 31
12 21 30 13 22
21 22 31 23 32
12 13 22 14 23
22 31 14 23 32
13 22 5 14 23
30 39 22 31 40
21 30 13 22 31
27 30 28 31 29
29 38 47 32 41
20 29 38 23 32
27 28 31 29 32
29 38 47 41 50
20 29 38 32 41
28 31 29 32 35
29 38 32 41 44
20 29 23 32 35
28 31 34 29 32
29 38 32 41 35
20 29 23 32 26
30 28 31 29 32
29 38 23 32 41
20 29 14 23 32
29 38 32 41 50
20 29 23 32 41
29 32 41 35 44
31 34 29 32 35
29 23 32 26 35
27 36 28 37 29
28 37 29 38 47
19 28 20 29 38
36 28 37 29 38
27 19 28 20 29
19 28 37 29 38
18 27 19 28 29
28 37 46 29 38
19 28 37 20 29
27 28 37 29 38
18 19 28 20 29
37 46 29 38 47
28 37 20 29 38
5 14 23 8 17
14 23 8 17 26
5 14 8 17 26
2 5 14 8 17
6 15 7 16 8
7 16 8 17 26
15 7 16 8 17
7 16 25 8 17
6 7 16 8 17
16 25 8 17 26
12 15 13 16 14
12 21 30 15 24
3 12 21 6 15
9 18 27 12 21
12 13 16 14 17
12 21 30 24 33
3 12 21 15 24
9 18 12 21 24
9 18 12 21 15
12 21 6 15 24
18 27 12 21 30
9 18 3 12 21
12 15 13 16 17
12 21 15 24 33
3 12 6 15 24
9 18 12 21 30
9 12 15 13 16
9 12 21 15 24
18 12 21 15 24
9 3 12 6 15
68 77 86 80 89
83 77 86 80 89
87 79 88 80 89
70 79 88 80 89
78 87 79 88 89
78 79 88 80 89
18 27 36 21 30
18 27 36 30 39
9 18 27 21 30
18 27 21 30 33
18 27 21 30 24
18 27 21 30 39
18 21 30 24 33
18 27 19 28 20
18 27 19 28 37
18 27 36 28 37
9 18 27 19 28
18 27 36 19 28
36 39 37 40 38
40 49 58 43 52
31 40 49 34 43
37 46 55 40 49
28 37 46 31 40
39 40 43 41 44
36 37 40 38 41
40 49 58 52 61
31 40 49 43 52
28 37 46 40 49
19 28 37 31 40
37 40 38 41 44
36 39 37 40 43
37 46 40 49 52
28 37 31 40 43
37 40 43 38 41
37 46 40 49 43
28 37 31 40 34
39 37 40 38 41
40 49 34 43 52
31 40 25 34 43
46 55 40 49 58
37 46 31 40 49
36 39 37 40 41
40 49 43 52 61
31 40 34 43 52
37 46 40 49 58
28 37 31 40 49
37 40 43 41 44
37 40 49 43 52
28 31 40 34 43
40 43 38 41 44
46 40 49 43 52
37 31 40 34 43
39 48 40 49 41
30 39 31 40 32
31 40 32 41 50
39 48 40 49 58
30 39 31 40 49
48 40 49 41 50
39 31 40 32 41
31 40 49 41 50
30 39 48 40 49
21 30 39 31 40
39 48 40 49 50
30 39 31 40 41
40 49 58 41 50
31 40 49 32 41
30 39 48 31 40
39 40 49 41 50
30 31 40 32 41
40 49 32 41 50
31 40 23 32 41
39 48 31 40 49
78 76 79 77 80
78 87 79 88 80
69 78 70 79 88
69 78 87 79 88
69 78 70 79 80
69 78 87 70 79
78 87 70 79 88
69 78 61 70 79
45 48 46 49 47
38 47 56 41 50
45 46 49 47 50
46 49 52 47 50
38 47 41 50 44
48 46 49 47 50
38 47 32 41 50
45 54 46 55 47
46 55 47 56 65
37 46 38 47 56
54 46 55 47 56
45 37 46 38 47
37 46 55 47 56
28 37 46 38 47
36 45 37 46 47
46 55 64 47 56
37 46 55 38 47
45 46 55 47 56
36 37 46 38 47
55 64 47 56 65
46 55 38 47 56
23 32 41 26 35
14 23 32 17 26
14 23 32 26 35
5 14 23 17 26
32 41 26 35 44
23 32 17 26 35
23 32 26 35 44
14 23 17 26 35
20 23 32 26 35
20 14 23 17 26
24 33 25 34 26
25 34 26 35 44
16 25 17 26 35
33 25 34 26 35
24 16 25 17 26
16 25 34 26 35
7 16 25 17 26
15 24 16 25 26
25 34 43 26 35
16 25 34 17 26
24 25 34 26 35
15 16 25 17 26
34 43 26 35 44
25 34 17 26 35
30 33 31 34 32
21 30 39 24 33
27 36 45 30 39
30 31 34 32 35
27 30 28 31 34
27 30 33 28 31
27 36 30 39 33
21 30 15 24 33
36 45 30 39 48
27 36 21 30 39
30 33 31 34 35
27 30 28 31 32
27 36 30 39 48
27 30 33 31 34
30 33 28 31 34
27 21 30 24 33
58 67 76 70 79
64 73 67 76 79
67 76 61 70 79
67 76 70 79 88
58 67 61 70 79
73 76 79 77 80
64 67 76 70 79
73 67 76 70 79
36 45 54 39 48
27 36 45 39 48
36 45 39 48 51
36 45 37 46 38
36 45 37 46 55
27 36 28 37 46
36 45 54 46 55
27 36 45 37 46
27 36 28 37 38
36 45 54 37 46
27 36 45 28 37
36 45 28 37 46
27 36 19 28 37
15 13 16 14 17
15 24 16 25 17
15 24 16 25 34
6 15 7 16 25
15 24 33 25 34
6 15 24 16 25
6 15 7 16 17
15 24 33 16 25
6 15 24 7 16
15 24 7 16 25
64 67 70 65 68
66 64 67 65 68
46 55 64 56 65
55 64 73 56 65
54 55 64 56 65
32 41 50 35 44
23 32 41 35 44
38 32 41 35 44
25 34 43 35 44
34 43 52 35 44
33 34 43 35 44
48 51 49 52 50
45 48 46 49 52
45 48 51 46 49
45 48 46 49 50
45 48 51 49 52
48 51 46 49 52
67 76 68 77 86
58 67 76 68 77
66 67 76 68 77
24 33 16 25 34
45 54 46 55 64
45 54 46 55 56
45 54 37 46 55
33 31 34 32 35
24 33 25 34 43
24 33 25 34 35
28 31 34 32 35
46 55 64 49 58
46 55 64 58 67
37 46 55 49 58
46 55 49 58 61
46 55 49 58 52
46 55 49 58 67
46 49 58 52 61
49 58 67 52 61
58 67 52 61 70
49 58 43 52 61
49 58 52 61 70
55 49 58 52 61
66 69 67 70 68
66 69 64 67 70
64 73 82 67 76
55 64 73 58 67
55 64 73 67 76
55 64 58 67 70
64 73 67 76 70
55 64 58 67 61
64 73 58 67 76
55 64 49 58 67
55 64 58 67 76
64 58 67 61 70
58 67 76 61 70
49 58 67 61 70
55 58 67 61 70
