1824
88 89 121 153 157
153 157 154 123 155
153 185 217 157 218
157 150 182 154 158
156 149 181 153 157
180 181 185 157 189
148 149 153 125 157
117 149 153 157 158
116 148 152 156 157
149 153 157 189 150
117 121 125 157 118
153 157 158 159 191
152 156 157 158 190
157 90 94 126 158
220 153 157 189 221
188 121 125 157 189
156 89 93 125 157
157 189 190 187 191
125 157 158 155 159
124 156 157 154 158
217 157 189 221 158
185 125 157 189 126
153 93 125 157 94
216 156 188 220 157
257 289 258 259 263
256 288 257 258 262
225 226 258 290 294
193 194 226 258 262
257 261 258 227 259
288 292 289 258 290
256 260 257 226 258
226 258 290 230 291
194 226 258 198 259
193 225 257 197 258
265 258 290 262 266
233 226 258 230 234
258 259 263 235 267
257 258 262 234 266
258 290 294 298 299
226 258 262 266 267
258 262 266 298 259
257 261 265 297 258
228 260 261 258 262
258 198 230 262 199
217 249 218 219 223
154 155 187 219 223
222 215 247 219 223
246 247 251 223 255
214 215 219 191 223
182 214 218 222 223
217 221 222 223 255
185 189 190 191 223
286 219 223 255 287
254 187 191 223 255
222 155 159 191 223
189 221 222 219 223
282 222 254 286 223
108 140 109 110 114
76 108 77 78 82
108 109 141 173 177
108 112 109 78 110
104 108 105 74 106
108 140 172 112 173
76 108 140 80 141
44 76 108 48 109
104 136 168 108 169
108 101 133 105 109
108 109 113 85 117
108 140 144 148 149
76 108 112 116 117
72 104 108 112 113
68 100 104 108 109
108 112 116 148 109
104 108 112 144 105
100 104 108 140 101
68 72 76 108 69
108 112 113 114 146
104 108 109 110 142
108 41 45 77 109
108 140 141 138 142
76 108 109 106 110
108 48 80 112 49
168 108 140 172 109
136 76 108 140 77
104 44 76 108 45
33 65 34 35 39
1 33 2 3 7
32 64 33 34 38
33 34 66 98 102
32 33 65 97 101
0 1 33 65 69
33 37 34 3 35
32 36 33 2 34
33 65 97 37 98
1 33 65 5 66
40 33 65 37 41
8 1 33 5 9
33 34 38 10 42
32 33 37 9 41
33 65 69 73 74
1 33 37 41 42
33 37 41 73 34
32 36 40 72 33
33 37 38 39 71
100 33 37 69 101
177 209 178 179 183
176 208 177 178 182
172 204 173 174 178
178 179 211 243 247
177 178 210 242 246
145 146 178 210 214
113 114 146 178 182
109 110 142 174 178
177 181 178 147 179
208 212 209 178 210
176 180 177 146 178
178 210 242 182 243
146 178 210 150 211
114 146 178 118 179
174 206 238 178 239
113 145 177 117 178
178 171 203 175 179
185 178 210 182 186
153 146 178 150 154
181 174 206 178 182
177 170 202 174 178
178 179 183 155 187
177 178 182 154 186
173 174 178 150 182
201 202 206 178 210
169 170 174 146 178
178 210 214 218 219
146 178 182 186 187
142 174 178 182 183
138 170 174 178 179
137 169 173 177 178
178 182 186 218 179
174 178 182 214 175
170 174 178 210 171
138 142 146 178 139
177 181 185 217 178
173 177 178 179 211
172 176 177 178 210
140 144 145 146 178
178 111 115 147 179
245 178 182 214 246
241 174 178 210 242
209 142 146 178 210
177 110 114 146 178
145 177 178 175 179
148 180 181 178 182
144 176 177 174 178
178 118 150 182 119
238 178 210 242 179
206 146 178 210 147
174 114 146 178 115
237 177 209 241 178
97 129 98 99 103
98 99 131 163 167
66 67 99 131 135
34 35 67 99 103
129 133 130 99 131
97 101 98 67 99
34 66 98 38 99
106 99 131 103 107
74 67 99 71 75
98 99 103 75 107
98 102 106 138 99
166 99 103 135 167
69 101 102 99 103
24 56 88 28 89
28 21 53 25 29
20 24 28 60 21
24 28 29 30 62
28 60 61 58 62
88 28 60 92 29
152 184 153 154 158
120 152 121 122 126
152 153 185 217 221
152 156 153 122 154
148 152 149 118 150
152 184 216 156 217
120 152 184 124 185
88 120 152 92 153
148 180 212 152 213
152 145 177 149 153
112 144 148 152 153
148 152 156 188 149
144 148 152 184 145
112 116 120 152 113
148 152 153 154 186
152 85 89 121 153
152 184 185 182 186
120 152 153 150 154
152 92 124 156 93
212 152 184 216 153
180 120 152 184 121
148 88 120 152 89
281 313 282 283 287
249 281 250 251 255
280 312 281 282 286
248 249 281 313 317
216 217 249 281 285
212 213 245 277 281
281 285 282 251 283
277 281 278 247 279
280 284 281 250 282
249 281 313 253 314
217 249 281 221 282
216 248 280 220 281
281 274 306 278 282
284 277 309 281 285
280 273 305 277 281
276 277 281 253 285
304 305 309 281 313
272 273 277 249 281
245 277 281 285 286
241 273 277 281 282
240 272 276 280 281
277 281 285 317 278
273 277 281 313 274
241 245 249 281 242
281 285 286 287 319
277 281 282 283 315
276 280 281 282 314
281 214 218 250 282
312 245 249 281 313
280 213 217 249 281
281 313 314 311 315
249 281 282 279 283
248 280 281 278 282
281 221 253 285 222
309 249 281 313 250
277 217 249 281 218
77 109 78 79 83
45 77 46 47 51
77 78 110 142 146
76 77 109 141 145
44 45 77 109 113
12 13 45 77 81
8 9 41 73 77
77 81 78 47 79
73 77 74 43 75
76 80 77 46 78
77 109 141 81 142
45 77 109 49 110
13 45 77 17 78
73 105 137 77 138
12 44 76 16 77
77 70 102 74 78
84 77 109 81 85
52 45 77 49 53
80 73 105 77 81
76 69 101 73 77
77 78 82 54 86
76 77 81 53 85
72 73 77 49 81
100 101 105 77 109
68 69 73 45 77
77 109 113 117 118
45 77 81 85 86
41 73 77 81 82
37 69 73 77 78
36 68 72 76 77
77 81 85 117 78
73 77 81 113 74
69 73 77 109 70
37 41 45 77 38
76 80 84 116 77
77 81 82 83 115
73 77 78 79 111
72 76 77 78 110
77 10 14 46 78
144 77 81 113 145
140 73 77 109 141
76 9 13 45 77
77 109 110 107 111
45 77 78 75 79
44 76 77 74 78
77 17 49 81 18
137 77 109 141 78
105 45 77 109 46
73 13 45 77 14
216 248 217 218 222
153 154 186 218 222
218 250 282 222 283
221 214 246 218 222
245 246 250 222 254
213 214 218 190 222
181 213 217 221 222
214 218 222 254 215
182 186 190 222 183
216 220 221 222 254
184 188 189 190 222
285 218 222 254 286
253 186 190 222 254
221 154 158 190 222
188 220 221 218 222
250 190 222 254 191
218 158 190 222 159
141 173 142 143 147
137 169 138 139 143
142 143 175 207 211
110 111 143 175 179
78 79 111 143 147
74 75 107 139 143
173 177 174 143 175
141 145 142 111 143
78 110 142 82 143
150 143 175 147 151
118 111 143 115 119
146 139 171 143 147
142 135 167 139 143
142 143 147 119 151
138 139 143 115 147
166 167 171 143 175
134 135 139 111 143
102 134 138 142 143
142 146 150 182 143
137 141 142 143 175
105 109 110 111 143
210 143 147 179 211
206 139 143 175 207
174 107 111 143 175
142 75 79 111 143
113 145 146 143 147
109 141 142 139 143
202 142 174 206 143
200 232 201 202 206
168 200 169 170 174
200 201 233 265 269
200 204 201 170 202
196 200 197 166 198
200 232 264 204 265
168 200 232 172 233
136 168 200 140 201
196 228 260 200 261
200 193 225 197 201
200 201 205 177 209
200 232 236 240 241
168 200 204 208 209
164 196 200 204 205
160 192 196 200 201
200 204 208 240 201
196 200 204 236 197
192 196 200 232 193
160 164 168 200 161
200 204 205 206 238
196 200 201 202 234
200 133 137 169 201
200 232 233 230 234
168 200 201 198 202
200 140 172 204 141
260 200 232 264 201
228 168 200 232 169
196 136 168 200 137
96 128 97 98 102
97 98 130 162 166
65 66 98 130 134
128 132 129 98 130
96 100 97 66 98
98 130 162 102 163
66 98 130 70 131
105 98 130 102 106
73 66 98 70 74
97 98 102 74 106
98 130 134 138 139
66 98 102 106 107
97 101 105 137 98
165 98 102 134 166
68 100 101 98 102
98 38 70 102 39
57 89 58 59 63
62 55 87 59 63
86 87 91 63 95
54 55 59 31 63
22 54 58 62 63
57 61 62 63 95
25 29 30 31 63
126 59 63 95 127
94 27 31 63 95
29 61 62 59 63
122 62 94 126 63
285 278 310 282 286
308 309 313 285 317
244 276 280 284 285
245 249 253 285 246
280 284 285 286 318
316 249 253 285 317
284 217 221 253 285
285 317 318 315 319
253 285 286 283 287
252 284 285 282 286
313 253 285 317 254
236 268 237 238 242
204 236 205 206 210
236 237 269 301 305
236 240 237 206 238
232 236 233 202 234
236 268 300 240 301
204 236 268 208 269
172 204 236 176 237
232 264 296 236 297
236 229 261 233 237
236 237 241 213 245
236 268 272 276 277
204 236 240 244 245
196 228 232 236 237
236 240 244 276 237
232 236 240 272 233
228 232 236 268 229
236 240 241 242 274
232 236 237 238 270
236 169 173 205 237
236 268 269 266 270
204 236 237 234 238
236 176 208 240 177
296 236 268 300 237
264 204 236 268 205
232 172 204 236 173
17 49 18 19 23
16 48 17 18 22
12 44 13 14 18
18 19 51 83 87
17 18 50 82 86
48 52 49 18 50
18 50 82 22 83
14 46 78 18 79
18 11 43 15 19
25 18 50 22 26
21 14 46 18 22
17 10 42 14 18
41 42 46 18 50
18 50 54 58 59
18 22 26 58 19
14 18 22 54 15
10 14 18 50 11
17 21 25 57 18
13 17 18 19 51
12 16 17 18 50
85 18 22 54 86
81 14 18 50 82
78 18 50 82 19
241 242 274 306 310
237 238 270 302 306
305 309 306 275 307
304 308 305 274 306
242 274 306 246 307
241 273 305 245 306
306 307 311 283 315
305 306 310 282 314
301 302 306 278 310
297 298 302 274 306
274 306 310 314 315
270 302 306 310 311
266 298 302 306 307
265 297 301 305 306
266 270 274 306 267
268 272 273 274 306
306 239 243 275 307
305 238 242 274 306
273 305 306 303 307
276 308 309 306 310
272 304 305 302 306
306 246 278 310 247
302 242 274 306 243
248 280 249 250 254
276 280 277 246 278
248 280 312 252 313
276 280 284 316 277
272 276 280 312 273
240 244 248 280 241
280 312 313 310 314
280 220 252 284 221
308 248 280 312 249
276 216 248 280 217
121 153 122 123 127
89 121 90 91 95
121 122 154 186 190
120 121 153 185 189
56 57 89 121 125
52 53 85 117 121
121 125 122 91 123
117 121 118 87 119
120 124 121 90 122
121 153 185 125 186
89 121 153 93 154
57 89 121 61 122
117 149 181 121 182
56 88 120 60 121
121 114 146 118 122
124 117 149 121 125
120 113 145 117 121
116 117 121 93 125
144 145 149 121 153
112 113 117 89 121
85 117 121 125 126
81 113 117 121 122
80 112 116 120 121
113 117 121 153 114
81 85 89 121 82
121 125 126 127 159
117 121 122 123 155
116 120 121 122 154
121 54 58 90 122
184 117 121 153 185
120 53 57 89 121
121 153 154 151 155
89 121 122 119 123
88 120 121 118 122
121 61 93 125 62
181 121 153 185 122
149 89 121 153 90
117 57 89 121 58
56 88 57 58 62
58 90 122 62 123
61 54 86 58 62
85 86 90 62 94
53 54 58 30 62
21 53 57 61 62
54 58 62 94 55
22 26 30 62 23
56 60 61 62 94
125 58 62 94 126
93 26 30 62 94
90 30 62 94 31
205 237 206 207 211
173 205 174 175 179
205 206 238 270 274
204 205 237 269 273
172 173 205 237 241
140 141 173 205 209
136 137 169 201 205
205 209 206 175 207
201 205 202 171 203
204 208 205 174 206
205 237 269 209 270
173 205 237 177 238
141 173 205 145 206
201 233 265 205 266
140 172 204 144 205
205 198 230 202 206
212 205 237 209 213
180 173 205 177 181
208 201 233 205 209
204 197 229 201 205
205 206 210 182 214
204 205 209 181 213
228 229 233 205 237
196 197 201 173 205
205 237 241 245 246
173 205 209 213 214
169 201 205 209 210
165 197 201 205 206
205 209 213 245 206
201 205 209 241 202
197 201 205 237 198
165 169 173 205 166
204 208 212 244 205
205 209 210 211 243
201 205 206 207 239
205 138 142 174 206
272 205 209 241 273
268 201 205 237 269
204 137 141 173 205
205 237 238 235 239
173 205 206 203 207
172 204 205 202 206
205 145 177 209 146
265 205 237 269 206
233 173 205 237 174
201 141 173 205 142
269 301 270 271 275
265 297 266 267 271
238 239 271 303 307
206 207 239 271 275
202 203 235 267 271
301 305 302 271 303
269 273 270 239 271
206 238 270 210 271
278 271 303 275 279
246 239 271 243 247
274 267 299 271 275
270 263 295 267 271
270 271 275 247 279
266 267 271 243 275
294 295 299 271 303
262 263 267 239 271
230 262 266 270 271
270 274 278 310 271
265 269 270 271 303
233 237 238 239 271
302 235 239 271 303
270 203 207 239 271
241 273 274 271 275
237 269 270 267 271
40 72 41 42 46
8 40 9 10 14
40 41 73 105 109
40 44 41 10 42
36 40 37 6 38
40 72 104 44 105
8 40 72 12 73
36 68 100 40 101
40 41 45 17 49
40 72 76 80 81
8 40 44 48 49
4 36 40 44 45
0 32 36 40 41
40 44 48 80 41
36 40 44 76 37
0 4 8 40 1
40 44 45 46 78
36 40 41 42 74
40 72 73 70 74
8 40 41 38 42
100 40 72 104 41
68 8 40 72 9
225 257 226 227 231
224 256 225 226 230
226 227 259 291 295
161 162 194 226 230
225 229 226 195 227
224 228 225 194 226
162 194 226 166 227
161 193 225 165 226
201 194 226 198 202
226 227 231 203 235
225 226 230 202 234
194 226 230 234 235
226 230 234 266 227
225 229 233 265 226
293 226 230 262 294
196 228 229 226 230
226 166 198 230 167
185 217 186 187 191
122 123 155 187 191
190 183 215 187 191
182 183 187 159 191
150 182 186 190 191
190 123 127 159 191
41 73 42 43 47
9 41 10 11 15
41 42 74 106 110
41 45 42 11 43
37 41 38 7 39
41 73 105 45 106
9 41 73 13 74
37 69 101 41 102
41 34 66 38 42
48 41 73 45 49
16 9 41 13 17
44 37 69 41 45
36 37 41 13 45
64 65 69 41 73
9 41 45 49 50
5 37 41 45 46
41 45 49 81 42
1 5 9 41 2
41 45 46 47 79
37 41 42 43 75
104 37 41 73 105
72 5 9 41 73
41 73 74 71 75
9 41 42 39 43
101 41 73 105 42
69 9 41 73 10
105 137 106 107 111
101 133 102 103 107
106 107 139 171 175
42 43 75 107 111
38 39 71 103 107
137 141 138 107 139
105 109 106 75 107
42 74 106 46 107
114 107 139 111 115
82 75 107 79 83
110 103 135 107 111
106 107 111 83 115
102 103 107 79 111
130 131 135 107 139
106 110 114 146 107
101 105 106 107 139
69 73 74 75 107
170 103 107 139 171
138 71 75 107 139
106 39 43 75 107
73 105 106 103 107
166 106 138 170 107
268 300 269 270 274
264 296 265 266 270
201 202 234 266 270
300 304 301 270 302
268 272 269 238 270
238 270 302 242 303
277 270 302 274 278
245 238 270 242 246
273 266 298 270 274
269 262 294 266 270
269 270 274 246 278
265 266 270 242 274
293 294 298 270 302
261 262 266 238 270
238 270 274 278 279
234 266 270 274 275
229 261 265 269 270
262 266 270 302 263
230 234 238 270 231
269 273 277 309 270
264 268 269 270 302
301 234 238 270 302
269 202 206 238 270
240 272 273 270 274
270 210 242 274 211
298 238 270 302 239
266 206 238 270 207
88 120 89 90 94
116 120 117 86 118
116 148 180 120 181
84 116 120 124 125
116 120 124 156 117
80 84 88 120 81
120 124 125 126 158
120 60 92 124 61
116 56 88 120 57
249 250 282 314 318
184 185 217 249 253
180 181 213 245 249
249 253 250 219 251
245 249 246 215 247
248 252 249 218 250
185 217 249 189 250
245 277 309 249 310
184 216 248 188 249
249 242 274 246 250
252 245 277 249 253
248 241 273 245 249
244 245 249 221 253
240 241 245 217 249
213 245 249 253 254
209 241 245 249 250
208 240 244 248 249
209 213 217 249 210
249 253 254 255 287
245 249 250 251 283
244 248 249 250 282
249 182 186 218 250
248 181 185 217 249
217 249 250 247 251
216 248 249 246 250
249 189 221 253 190
245 185 217 249 186
13 45 14 15 19
44 76 45 46 50
45 46 78 110 114
45 49 46 15 47
44 48 45 14 46
45 38 70 42 46
20 13 45 17 21
45 46 50 22 54
44 45 49 21 53
13 45 49 53 54
45 49 53 85 46
5 9 13 45 6
44 48 52 84 45
45 49 50 51 83
112 45 49 81 113
13 45 46 43 47
12 44 45 42 46
184 216 185 186 190
186 218 250 190 251
189 182 214 186 190
181 182 186 158 190
149 181 185 189 190
150 154 158 190 151
189 122 126 158 190
156 188 189 186 190
186 126 158 190 127
109 141 110 111 115
46 47 79 111 115
109 113 110 79 111
46 78 110 50 111
86 79 111 83 87
110 111 115 87 119
70 102 106 110 111
110 114 118 150 111
110 43 47 79 111
81 113 114 111 115
170 110 142 174 111
136 168 137 138 142
168 169 201 233 237
168 172 169 138 170
164 168 165 134 166
164 196 228 168 229
168 161 193 165 169
168 169 173 145 177
136 168 172 176 177
132 164 168 172 173
128 160 164 168 169
168 172 176 208 169
164 168 172 204 165
128 132 136 168 129
168 172 173 174 206
164 168 169 170 202
168 101 105 137 169
136 168 169 166 170
164 104 136 168 105
181 213 182 183 187
186 187 219 251 255
118 119 151 183 187
217 221 218 187 219
185 189 186 155 187
122 154 186 126 187
186 179 211 183 187
210 211 215 187 219
181 185 186 187 219
149 153 154 155 187
250 183 187 219 251
218 151 155 187 219
186 119 123 155 187
153 185 186 183 187
246 186 218 250 187
65 97 66 67 71
64 96 65 66 70
1 2 34 66 70
65 69 66 35 67
64 68 65 34 66
2 34 66 6 67
66 67 71 43 75
65 66 70 42 74
34 66 70 74 75
66 70 74 106 67
65 69 73 105 66
133 66 70 102 134
36 68 69 66 70
66 6 38 70 7
244 276 245 246 250
212 244 213 214 218
244 245 277 309 313
244 248 245 214 246
240 244 241 210 242
244 276 308 248 309
212 244 276 216 277
180 212 244 184 245
240 272 304 244 305
244 237 269 241 245
212 244 248 252 253
244 248 252 284 245
240 244 245 246 278
244 177 181 213 245
244 276 277 274 278
212 244 245 242 246
244 184 216 248 185
304 244 276 308 245
272 212 244 276 213
240 180 212 244 181
169 201 170 171 175
169 170 202 234 238
104 105 137 169 173
100 101 133 165 169
169 173 170 139 171
165 169 166 135 167
169 201 233 173 234
137 169 201 141 202
105 137 169 109 170
165 197 229 169 230
169 162 194 166 170
176 169 201 173 177
144 137 169 141 145
172 165 197 169 173
164 165 169 141 173
192 193 197 169 201
160 161 165 137 169
133 165 169 173 174
129 161 165 169 170
169 173 177 209 170
161 165 169 201 162
129 133 137 169 130
169 173 174 175 207
165 169 170 171 203
169 102 106 138 170
232 165 169 201 233
169 201 202 199 203
137 169 170 167 171
169 109 141 173 110
229 169 201 233 170
197 137 169 201 138
165 105 137 169 106
233 265 234 235 239
229 261 230 231 235
234 235 267 299 303
170 171 203 235 239
166 167 199 231 235
265 269 266 235 267
233 237 234 203 235
170 202 234 174 235
242 235 267 239 243
210 203 235 207 211
238 231 263 235 239
234 227 259 231 235
234 235 239 211 243
230 231 235 207 239
234 238 242 274 235
229 233 234 235 267
197 201 202 203 235
298 231 235 267 299
266 199 203 235 267
234 167 171 203 235
201 233 234 231 235
294 234 266 298 235
104 136 105 106 110
140 144 141 110 142
110 142 174 114 175
106 138 170 110 171
117 110 142 114 118
85 78 110 82 86
113 106 138 110 114
109 102 134 106 110
109 110 114 86 118
105 106 110 82 114
133 134 138 110 142
101 102 106 78 110
110 142 146 150 151
78 110 114 118 119
74 106 110 114 115
69 101 105 109 110
102 106 110 142 103
70 74 78 110 71
109 113 117 149 110
173 106 110 142 174
141 74 78 110 142
109 42 46 78 110
80 112 113 110 114
110 50 82 114 51
138 78 110 142 79
106 46 78 110 47
208 212 216 248 209
248 252 253 254 286
248 188 220 252 189
89 90 122 154 158
24 25 57 89 93
20 21 53 85 89
89 93 90 59 91
85 89 86 55 87
88 92 89 58 90
25 57 89 29 90
85 117 149 89 150
89 82 114 86 90
92 85 117 89 93
88 81 113 85 89
84 85 89 61 93
80 81 85 57 89
53 85 89 93 94
49 81 85 89 90
48 80 84 88 89
85 89 93 125 86
49 53 57 89 50
89 93 94 95 127
85 89 90 91 123
84 88 89 90 122
89 22 26 58 90
88 21 25 57 89
57 89 90 87 91
56 88 89 86 90
89 29 61 93 30
85 25 57 89 26
24 56 25 26 30
26 58 90 30 91
30 23 55 27 31
29 22 54 26 30
309 310 314 286 318
278 310 314 318 319
277 309 313 317 318
278 282 286 318 279
318 251 255 287 319
317 250 254 286 318
284 316 317 314 318
314 254 286 318 255
4 36 68 8 69
8 12 16 48 9
4 8 12 44 5
8 12 13 14 46
4 8 9 10 42
25 57 26 27 31
21 53 22 23 27
26 27 59 91 95
57 61 58 27 59
26 19 51 23 27
50 51 55 27 59
21 25 26 27 59
90 23 27 59 91
86 26 58 90 27
250 251 283 315 319
246 247 279 311 315
313 317 314 283 315
250 282 314 254 315
310 311 315 287 319
314 247 251 283 315
84 116 85 86 90
52 84 53 54 58
84 85 117 149 153
84 88 85 54 86
80 84 81 50 82
84 116 148 88 149
52 84 116 56 117
20 52 84 24 85
80 112 144 84 145
52 84 88 92 93
44 76 80 84 85
84 88 92 124 85
80 84 85 86 118
84 17 21 53 85
84 116 117 114 118
52 84 85 82 86
84 24 56 88 25
144 84 116 148 85
112 52 84 116 53
80 20 52 84 21
261 293 262 263 267
260 292 261 262 266
228 229 261 293 297
196 197 229 261 265
192 193 225 257 261
261 265 262 231 263
260 264 261 230 262
229 261 293 233 294
197 229 261 201 262
268 261 293 265 269
264 257 289 261 265
260 261 265 237 269
256 257 261 233 265
261 293 297 301 302
225 257 261 265 266
261 265 269 301 262
260 264 268 300 261
261 265 266 267 299
257 261 262 263 295
256 260 261 262 294
261 194 198 230 262
292 225 229 261 293
260 193 197 229 261
261 293 294 291 295
229 261 262 259 263
261 201 233 265 202
289 229 261 293 230
257 197 229 261 198
201 233 202 203 207
196 228 197 198 202
137 138 170 202 206
133 134 166 198 202
202 234 266 206 267
138 170 202 142 203
198 230 262 202 263
202 195 227 199 203
209 202 234 206 210
202 203 207 179 211
197 198 202 174 206
193 194 198 170 202
202 234 238 242 243
170 202 206 210 211
166 198 202 206 207
162 194 198 202 203
161 193 197 201 202
202 206 210 242 203
198 202 206 238 199
194 198 202 234 195
162 166 170 202 163
202 135 139 171 203
265 198 202 234 266
233 166 170 202 234
201 134 138 170 202
262 202 234 266 203
230 170 202 234 171
198 138 170 202 139
9 10 42 74 78
5 37 69 9 70
9 2 34 6 10
12 5 37 9 13
9 13 17 49 10
9 13 14 15 47
5 9 10 11 43
73 105 74 75 79
69 101 70 71 75
10 11 43 75 79
6 7 39 71 75
10 42 74 14 75
50 43 75 47 51
78 71 103 75 79
74 75 79 51 83
70 71 75 47 79
74 78 82 114 75
74 7 11 43 75
134 74 106 138 75
232 233 265 297 301
297 301 298 267 299
293 297 294 263 295
296 300 297 266 298
233 265 297 237 298
272 265 297 269 273
296 297 301 273 305
292 293 297 269 301
288 289 293 265 297
257 289 293 297 298
256 288 292 296 297
297 230 234 266 298
296 229 233 265 297
265 297 298 295 299
264 296 297 294 298
297 237 269 301 238
293 233 265 297 234
237 269 238 239 243
232 264 233 234 238
173 174 206 238 242
237 241 238 207 239
234 266 298 238 299
213 206 238 210 214
241 234 266 238 242
237 230 262 234 238
238 239 243 215 247
237 238 242 214 246
233 234 238 210 242
229 230 234 206 238
206 238 242 246 247
198 230 234 238 239
197 229 233 237 238
238 242 246 278 239
237 241 245 277 238
238 171 175 207 239
237 170 174 206 238
208 240 241 238 242
234 174 206 238 175
48 52 56 88 49
88 92 93 94 126
154 186 218 158 219
158 151 183 155 159
149 150 154 126 158
118 150 154 158 159
118 122 126 158 119
158 91 95 127 159
154 94 126 158 95
292 296 293 262 294
228 260 292 232 293
260 292 296 300 301
260 292 293 290 294
292 232 264 296 233
288 228 260 292 229
276 308 277 278 282
217 218 250 282 286
213 214 246 278 282
312 316 313 282 314
282 275 307 279 283
277 278 282 254 286
273 274 278 250 282
246 278 282 286 287
242 274 278 282 283
274 278 282 314 275
242 246 250 282 243
282 215 219 251 283
313 246 250 282 314
310 250 282 314 251
278 218 250 282 219
153 185 154 155 159
149 181 150 151 155
90 91 123 155 159
86 87 119 151 155
90 122 154 94 155
154 147 179 151 155
150 151 155 127 159
146 147 151 123 155
114 146 150 154 155
154 87 91 123 155
214 154 186 218 155
100 132 101 102 106
101 102 134 166 170
68 69 101 133 137
36 37 69 101 105
101 105 102 71 103
100 104 101 70 102
101 133 165 105 166
69 101 133 73 134
97 129 161 101 162
104 97 129 101 105
96 97 101 73 105
101 133 137 141 142
65 97 101 105 106
101 105 109 141 102
97 101 102 103 135
96 100 101 102 134
101 34 38 70 102
164 97 101 133 165
132 65 69 101 133
101 133 134 131 135
161 101 133 165 102
129 69 101 133 70
97 37 69 101 38
160 100 132 164 101
180 212 181 182 186
212 216 213 182 214
208 240 272 212 273
212 213 217 189 221
180 212 216 220 221
176 208 212 216 217
172 204 208 212 213
212 216 220 252 213
172 176 180 212 173
212 216 217 218 250
208 212 213 214 246
212 145 149 181 213
180 212 213 210 214
208 148 180 212 149
36 68 37 38 42
72 76 73 42 74
38 70 102 42 103
42 35 67 39 43
49 42 74 46 50
42 43 47 19 51
37 38 42 14 46
42 74 78 82 83
10 42 46 50 51
6 38 42 46 47
2 34 38 42 43
42 46 50 82 43
38 42 46 78 39
34 38 42 74 35
2 6 10 42 3
105 38 42 74 106
73 6 10 42 74
102 42 74 106 43
70 10 42 74 11
72 73 105 137 141
133 137 134 103 135
136 140 137 106 138
133 165 197 137 198
72 104 136 76 137
137 130 162 134 138
112 105 137 109 113
140 133 165 137 141
136 129 161 133 137
137 138 142 114 146
136 137 141 113 145
132 133 137 109 141
128 129 133 105 137
105 137 141 145 146
97 129 133 137 138
96 128 132 136 137
137 141 145 177 138
133 137 141 173 134
136 140 144 176 137
133 137 138 139 171
132 136 137 138 170
137 70 74 106 138
136 69 73 105 137
105 137 138 135 139
104 136 137 134 138
133 73 105 137 74
197 229 198 199 203
138 139 171 203 207
134 135 167 199 203
206 199 231 203 207
198 199 203 175 207
194 195 199 171 203
72 104 73 74 78
13 14 46 78 82
74 106 138 78 139
53 46 78 50 54
81 74 106 78 82
78 79 83 55 87
73 74 78 50 82
69 70 74 46 78
46 78 82 86 87
38 70 74 78 79
78 82 86 118 79
78 11 15 47 79
145 78 82 114 146
48 80 81 78 82
74 14 46 78 15
181 182 214 246 250
148 149 181 213 217
116 117 149 181 185
112 113 145 177 181
181 185 182 151 183
180 184 181 150 182
181 213 245 185 246
149 181 213 153 214
177 209 241 181 242
188 181 213 185 189
184 177 209 181 185
176 177 181 153 185
172 173 177 149 181
145 177 181 185 186
141 173 177 181 182
140 172 176 180 181
181 185 189 221 182
173 177 181 213 174
141 145 149 181 142
180 184 188 220 181
177 181 182 183 215
176 180 181 182 214
181 114 118 150 182
180 113 117 149 181
181 213 214 211 215
149 181 182 179 183
241 181 213 245 182
209 149 181 213 150
177 117 149 181 118
245 277 246 247 251
241 273 242 243 247
214 215 247 279 283
182 183 215 247 251
182 214 246 186 247
254 247 279 251 255
250 243 275 247 251
242 243 247 219 251
246 250 254 286 247
241 245 246 247 279
209 213 214 215 247
310 243 247 279 311
278 211 215 247 279
246 179 183 215 247
213 245 246 243 247
132 164 133 134 138
132 133 165 197 201
132 136 133 102 134
132 164 196 136 197
100 132 164 104 165
68 100 132 72 133
128 160 192 132 193
100 132 136 140 141
132 136 140 172 133
128 132 133 134 166
132 164 165 162 166
100 132 133 130 134
132 72 104 136 73
192 132 164 196 133
128 68 100 132 69
116 148 117 118 122
57 58 90 122 126
53 54 86 118 122
118 150 182 122 183
122 115 147 119 123
125 118 150 122 126
117 118 122 94 126
145 146 150 122 154
113 114 118 90 122
86 118 122 126 127
82 114 118 122 123
114 118 122 154 115
82 86 90 122 83
122 55 59 91 123
185 118 122 154 186
153 86 90 122 154
92 124 125 122 126
182 122 154 186 123
150 90 122 154 91
118 58 90 122 59
277 309 278 279 283
218 219 251 283 287
286 279 311 283 287
278 279 283 255 287
274 275 279 251 283
20 52 21 22 26
52 56 53 22 54
48 80 112 52 113
52 53 57 29 61
20 52 56 60 61
16 48 52 56 57
12 44 48 52 53
52 56 60 92 53
12 16 20 52 13
52 56 57 58 90
48 52 53 54 86
20 52 53 50 54
228 260 229 230 234
229 230 262 294 298
164 165 197 229 233
160 161 193 225 229
229 233 230 199 231
228 232 229 198 230
225 257 289 229 290
232 225 257 229 233
224 225 229 201 233
193 225 229 233 234
229 233 237 269 230
225 229 230 231 263
224 228 229 230 262
229 162 166 198 230
228 161 165 197 229
197 229 230 227 231
225 165 197 229 166
164 196 165 166 170
105 106 138 170 174
166 198 230 170 231
170 163 195 167 171
145 138 170 142 146
173 166 198 170 174
170 171 175 147 179
165 166 170 142 174
161 162 166 138 170
134 166 170 174 175
130 162 166 170 171
166 170 174 206 167
130 134 138 170 131
140 172 173 170 174
37 69 38 39 43
46 39 71 43 47
38 39 43 15 47
34 35 39 11 43
165 197 166 167 171
161 193 162 163 167
102 103 135 167 171
197 201 198 167 199
102 134 166 106 167
174 167 199 171 175
162 163 167 139 171
161 165 166 167 199
129 133 134 135 167
230 163 167 199 231
198 131 135 167 199
133 165 166 163 167
273 305 274 275 279
272 304 273 274 278
240 241 273 305 309
208 209 241 273 277
273 277 274 243 275
272 276 273 242 274
209 241 273 213 274
276 269 301 273 277
268 269 273 245 277
264 265 269 241 273
273 305 309 313 314
237 269 273 277 278
233 265 269 273 274
232 264 268 272 273
265 269 273 305 266
233 237 241 273 234
273 277 278 279 311
269 273 274 275 307
273 206 210 242 274
304 237 241 273 305
273 213 245 277 214
301 241 273 305 242
269 209 241 273 210
192 224 193 194 198
224 225 257 289 293
224 256 288 228 289
192 224 256 196 257
160 192 224 164 225
224 256 260 264 265
192 224 228 232 233
224 228 232 264 225
224 164 196 228 165
21 22 54 86 90
21 53 85 25 86
17 49 81 21 82
24 17 49 21 25
21 25 29 61 22
13 17 21 53 14
17 21 22 23 55
16 20 21 22 54
21 53 54 51 55
81 21 53 85 22
85 117 86 87 91
81 113 82 83 87
54 55 87 119 123
22 23 55 87 91
22 54 86 26 87
94 87 119 91 95
90 83 115 87 91
82 83 87 59 91
86 90 94 126 87
81 85 86 87 119
49 53 54 55 87
150 83 87 119 151
118 51 55 87 119
86 19 23 55 87
53 85 86 83 87
146 86 118 150 87
309 313 310 279 311
308 312 309 278 310
300 301 305 277 309
269 301 305 309 310
268 300 304 308 309
309 242 246 278 310
308 241 245 277 309
277 309 310 307 311
305 245 277 309 246
228 260 264 268 269
256 260 264 296 257
260 264 265 266 298
256 196 228 260 197
185 186 218 250 254
246 278 310 250 311
253 246 278 250 254
241 242 246 218 250
214 246 250 254 255
210 242 246 250 251
210 214 218 250 211
220 252 253 250 254
117 149 118 119 123
58 59 91 123 127
126 119 151 123 127
118 119 123 95 127
114 115 119 91 123
93 125 126 123 127
68 100 69 70 74
69 70 102 134 138
4 5 37 69 73
69 73 70 39 71
68 72 69 38 70
65 97 129 69 130
72 65 97 69 73
65 69 70 71 103
64 68 69 70 102
69 2 6 38 70
68 1 5 37 69
37 69 70 67 71
65 5 37 69 6
148 180 149 150 154
176 208 240 180 241
148 180 184 188 189
144 176 180 184 185
176 180 184 216 177
140 144 148 180 141
180 184 185 186 218
176 116 148 180 117
272 304 308 312 313
264 296 300 304 305
264 268 272 304 265
300 240 272 304 241
4 36 5 6 10
6 38 70 10 71
10 3 35 7 11
13 6 38 10 14
6 10 14 46 7
233 234 266 298 302
298 299 303 275 307
289 290 294 266 298
262 294 298 302 303
268 300 301 298 302
5 37 6 7 11
14 7 39 11 15
1 5 6 7 39
70 3 7 39 71
113 145 114 115 119
112 144 113 114 118
80 81 113 145 149
48 49 81 113 117
113 117 114 83 115
112 116 113 82 114
81 113 145 85 146
49 81 113 53 114
109 141 173 113 174
116 109 141 113 117
104 105 109 81 113
113 145 149 153 154
73 105 109 113 114
105 109 113 145 106
113 117 118 119 151
109 113 114 115 147
113 46 50 82 114
176 109 113 145 177
113 53 85 117 54
173 113 145 177 114
141 81 113 145 82
109 49 81 113 50
172 112 144 176 113
230 231 263 295 299
230 262 294 234 295
290 291 295 267 299
294 227 231 263 295
146 147 179 211 215
114 115 147 179 183
209 213 210 179 211
182 175 207 179 183
174 175 179 151 183
141 145 146 147 179
242 175 179 211 243
64 65 97 129 133
64 96 128 68 129
32 64 96 36 97
0 32 64 4 65
64 96 100 104 105
32 64 68 72 73
64 68 72 104 65
64 4 36 68 5
149 150 182 214 218
149 153 150 119 151
145 149 146 115 147
145 177 209 149 210
149 142 174 146 150
148 141 173 145 149
140 141 145 117 149
109 141 145 149 150
145 149 153 185 146
145 149 150 151 183
144 148 149 150 182
149 82 86 118 150
216 149 153 185 217
148 81 85 117 149
117 149 150 147 151
116 148 149 146 150
145 85 117 149 86
213 245 214 215 219
209 241 210 211 215
150 151 183 215 219
213 217 214 183 215
150 182 214 154 215
218 211 243 215 219
214 207 239 211 215
206 207 211 183 215
174 206 210 214 215
214 147 151 183 215
185 217 218 215 219
274 214 246 278 215
96 128 160 100 161
96 100 104 136 97
100 104 105 106 138
96 36 68 100 37
25 26 58 90 94
86 118 150 90 151
93 86 118 90 94
81 82 86 58 90
54 86 90 94 95
50 82 86 90 91
50 54 58 90 51
60 92 93 90 94
144 176 145 146 150
144 145 177 209 213
144 148 145 114 146
144 176 208 148 209
112 144 176 116 177
104 136 140 144 145
112 144 145 142 146
204 144 176 208 145
140 80 112 144 81
73 74 106 138 142
134 166 198 138 199
138 131 163 135 139
141 134 166 138 142
129 130 134 106 138
106 138 142 146 147
134 138 142 174 135
276 308 312 316 317
312 252 284 316 253
197 198 230 262 266
262 195 199 231 263
232 264 265 262 266
290 230 262 294 231
208 240 209 210 214
214 246 278 218 279
210 242 274 214 275
217 210 242 214 218
209 210 214 186 218
206 210 214 246 207
213 217 221 253 214
277 210 214 246 278
213 146 150 182 214
184 216 217 214 218
242 182 214 246 183
210 150 182 214 151
133 165 134 135 139
129 161 130 131 135
70 71 103 135 139
70 102 134 74 135
134 67 71 103 135
194 134 166 198 135
49 53 50 19 51
22 15 47 19 23
82 15 19 51 83
240 272 241 242 246
176 177 209 241 245
241 245 242 211 243
237 269 301 241 302
216 209 241 213 217
240 233 265 237 241
232 233 237 209 241
201 233 237 241 242
237 241 242 243 275
240 173 177 209 241
209 241 242 239 243
242 243 275 307 311
302 303 307 279 311
160 192 161 162 166
192 196 193 162 194
192 196 197 198 230
53 85 54 55 59
49 81 50 51 55
53 57 54 23 55
58 51 83 55 59
54 47 79 51 55
46 47 51 23 55
14 46 50 54 55
25 57 58 55 59
114 54 86 118 55
213 245 277 217 278
272 276 277 278 310
276 209 213 245 277
245 277 278 275 279
216 220 217 186 218
177 209 213 217 218
213 217 218 219 251
217 150 154 186 218
128 129 161 193 197
96 97 129 161 165
161 165 162 131 163
160 164 161 130 162
129 161 193 133 194
268 272 276 308 269
268 208 240 272 209
194 195 227 259 263
162 163 195 227 231
184 124 156 188 125
37 38 70 102 106
102 35 39 71 103
72 104 105 102 106
162 102 134 166 103
130 70 102 134 71
48 80 49 50 54
54 86 118 58 119
50 82 114 54 115
57 50 82 54 58
49 50 54 26 58
46 50 54 86 47
53 57 61 93 54
117 50 54 86 118
24 56 57 54 58
82 22 54 86 23
80 112 81 82 86
81 82 114 146 150
16 17 49 81 85
81 85 82 51 83
16 48 80 20 81
56 49 81 53 57
76 80 81 82 114
80 13 17 49 81
49 81 82 79 83
198 199 231 263 267
266 259 291 263 267
233 265 266 263 267
145 177 146 147 151
82 83 115 147 151
82 114 146 86 147
146 150 154 186 147
146 79 83 115 147
0 32 1 2 6
32 36 37 38 70
124 57 61 93 125
72 76 80 112 73
76 16 48 80 17
72 12 44 76 13
140 172 141 142 146
142 174 206 146 207
141 142 146 118 150
142 82 114 146 83
112 116 117 118 150
2 3 35 67 71
289 293 290 259 291
165 166 198 230 234
117 118 150 182 186
182 115 119 151 183
209 210 242 274 278
208 209 213 185 217
204 208 209 210 242
208 141 145 177 209
177 209 210 207 211
176 208 209 206 210
210 211 243 275 279
274 207 211 243 275
128 160 129 130 134
160 164 165 166 198
252 185 189 221 253
221 253 254 251 255
129 130 162 194 198
196 129 133 165 197
193 225 194 195 199
130 131 163 195 199
193 197 194 163 195
130 162 194 134 195
165 197 198 195 199
5 6 38 70 74
245 246 278 310 314
49 50 82 114 118
48 49 53 25 57
17 49 53 57 58
44 48 49 50 82
116 49 53 85 117
17 49 50 47 51
16 48 49 46 50
50 51 83 115 119
114 47 51 83 115
85 117 118 115 119
172 176 173 142 174
172 105 109 141 173
141 173 174 171 175
174 175 207 239 243
92 25 29 61 93
61 93 94 91 95
193 197 201 233 194
164 196 197 194 198
5 37 38 35 39
193 197 198 199 231
197 130 134 166 198
220 213 245 217 221
213 153 185 217 154
14 15 47 79 83
300 233 237 269 301
269 301 302 299 303
136 140 141 142 174
4 36 37 34 38
56 60 57 26 58
53 85 117 57 118
60 53 85 57 61
53 57 58 59 91
141 142 174 206 210
264 268 265 234 266
264 197 201 233 265
16 20 24 56 17
184 188 185 154 186
20 24 25 26 58
228 232 233 234 266
193 133 165 197 134
68 72 73 74 106
0 4 5 6 38
85 86 118 150 154
