L-V25-S1 - coordinates (verified from stored Stage 5O/5P data)
================================================================
Convention: integer lattice cubes (x,y,z); two cubes are
face-adjacent iff their L1 distance is 1.

Piece L pentacube cells (canonical):
  ( 0, 0, 0) ( 1, 0, 0) ( 2, 0, 0) ( 3, 0, 0) ( 3, 1, 0)

Target cube coordinates (25):
  ( 0, 0, 2)
  ( 0, 1, 2)
  ( 0, 2, 2)
  ( 0, 3, 2)
  ( 0, 3, 3)
  ( 0, 4, 3)
  ( 0, 4, 4)
  ( 0, 4, 5)
  ( 0, 4, 6)
  ( 1, 3, 2)
  ( 1, 3, 3)
  ( 1, 4, 3)
  ( 2, 3, 3)
  ( 3, 2, 3)
  ( 3, 3, 3)
  ( 3, 3, 4)
  ( 4, 2, 0)
  ( 4, 2, 1)
  ( 4, 2, 2)
  ( 4, 2, 3)
  ( 4, 3, 3)
  ( 4, 3, 4)
  ( 4, 4, 4)
  ( 4, 5, 4)
  ( 4, 6, 4)

Verified tilings (4), each with 5 disjoint
L pentacubes whose union is exactly the target:
  Tiling 1:
    L copy 1: ( 4, 2, 0) ( 4, 2, 1) ( 4, 2, 2) ( 4, 2, 3) ( 4, 3, 3)
    L copy 2: ( 3, 3, 4) ( 4, 3, 4) ( 4, 4, 4) ( 4, 5, 4) ( 4, 6, 4)
    L copy 3: ( 0, 0, 2) ( 0, 1, 2) ( 0, 2, 2) ( 0, 3, 2) ( 1, 3, 2)
    L copy 4: ( 0, 3, 3) ( 1, 3, 3) ( 2, 3, 3) ( 3, 2, 3) ( 3, 3, 3)
    L copy 5: ( 0, 4, 3) ( 0, 4, 4) ( 0, 4, 5) ( 0, 4, 6) ( 1, 4, 3)
  Tiling 2:
    L copy 1: ( 3, 2, 3) ( 4, 2, 0) ( 4, 2, 1) ( 4, 2, 2) ( 4, 2, 3)
    L copy 2: ( 0, 4, 3) ( 0, 4, 4) ( 0, 4, 5) ( 0, 4, 6) ( 1, 4, 3)
    L copy 3: ( 0, 0, 2) ( 0, 1, 2) ( 0, 2, 2) ( 0, 3, 2) ( 1, 3, 2)
    L copy 4: ( 0, 3, 3) ( 1, 3, 3) ( 2, 3, 3) ( 3, 3, 3) ( 3, 3, 4)
    L copy 5: ( 4, 3, 3) ( 4, 3, 4) ( 4, 4, 4) ( 4, 5, 4) ( 4, 6, 4)
  Tiling 3:
    L copy 1: ( 3, 2, 3) ( 4, 2, 0) ( 4, 2, 1) ( 4, 2, 2) ( 4, 2, 3)
    L copy 2: ( 0, 4, 3) ( 0, 4, 4) ( 0, 4, 5) ( 0, 4, 6) ( 1, 4, 3)
    L copy 3: ( 1, 3, 2) ( 1, 3, 3) ( 2, 3, 3) ( 3, 3, 3) ( 4, 3, 3)
    L copy 4: ( 3, 3, 4) ( 4, 3, 4) ( 4, 4, 4) ( 4, 5, 4) ( 4, 6, 4)
    L copy 5: ( 0, 0, 2) ( 0, 1, 2) ( 0, 2, 2) ( 0, 3, 2) ( 0, 3, 3)
  Tiling 4:
    L copy 1: ( 3, 2, 3) ( 4, 2, 0) ( 4, 2, 1) ( 4, 2, 2) ( 4, 2, 3)
    L copy 2: ( 1, 3, 3) ( 1, 4, 3) ( 2, 3, 3) ( 3, 3, 3) ( 4, 3, 3)
    L copy 3: ( 3, 3, 4) ( 4, 3, 4) ( 4, 4, 4) ( 4, 5, 4) ( 4, 6, 4)
    L copy 4: ( 0, 0, 2) ( 0, 1, 2) ( 0, 2, 2) ( 0, 3, 2) ( 1, 3, 2)
    L copy 5: ( 0, 3, 3) ( 0, 4, 3) ( 0, 4, 4) ( 0, 4, 5) ( 0, 4, 6)
