1120
124 139 95 110 125
109 124 80 95 110
94 109 65 80 95
109 124 139 95 110
94 109 124 80 95
95 98 101 116 119
92 95 98 113 116
100 103 95 98 101
97 100 92 95 98
95 98 86 101 89
92 95 83 98 86
79 94 95 110 125
64 79 80 95 110
49 64 65 80 95
64 79 94 95 110
49 64 79 80 95
95 83 98 86 89
107 95 110 98 101
92 80 95 83 86
91 94 95 98 101
95 98 113 116 119
92 95 110 113 116
77 80 95 98 101
97 100 103 95 98
94 97 100 92 95
95 110 68 83 98
80 95 53 68 83
122 137 95 110 125
107 122 80 95 110
92 107 65 80 95
95 110 113 128 143
80 95 98 113 128
77 92 95 110 125
62 77 80 95 110
47 62 65 80 95
95 110 125 128 143
80 95 110 113 128
65 80 95 98 113
62 77 92 95 110
47 62 77 80 95
95 110 125 83 98
80 95 110 68 83
65 80 95 53 68
107 122 137 95 110
92 107 122 80 95
136 151 107 122 137
121 136 92 107 122
121 136 151 107 122
122 125 128 143 146
127 130 122 125 128
122 125 113 128 116
106 121 122 137 152
91 106 107 122 137
76 91 92 107 122
91 106 121 122 137
76 91 106 107 122
122 110 125 113 116
122 125 140 143 146
124 127 130 122 125
107 122 125 140 155
107 122 137 140 155
92 107 122 125 140
122 137 152 110 125
112 127 83 98 113
97 112 68 83 98
82 97 53 68 83
97 112 127 83 98
82 97 112 68 83
80 83 86 101 104
77 80 83 98 101
62 65 68 83 86
85 88 80 83 86
82 85 77 80 83
80 83 71 86 74
77 80 68 83 71
76 79 82 83 86
67 82 83 98 113
52 67 68 83 98
37 52 53 68 83
52 67 82 83 98
37 52 67 68 83
80 68 83 71 74
79 82 83 86 89
76 79 80 83 86
80 83 98 101 104
65 68 83 86 89
62 65 80 83 86
82 85 88 80 83
83 98 56 71 86
68 83 41 56 71
110 125 83 98 113
83 98 101 116 131
68 83 86 101 116
65 80 83 98 113
50 65 68 83 98
35 50 53 68 83
83 98 113 116 131
68 83 98 101 116
53 68 83 86 101
50 65 80 83 98
35 50 65 68 83
83 98 113 71 86
68 83 98 56 71
53 68 83 41 56
93 108 64 79 94
78 93 49 64 79
93 108 123 79 94
78 93 108 64 79
63 78 93 49 64
93 96 99 114 117
90 93 96 111 114
93 96 84 99 87
90 93 81 96 84
93 96 99 100 103
90 93 96 97 100
93 108 109 124 139
78 93 94 109 124
93 108 123 124 139
78 93 108 109 124
63 78 93 94 109
93 81 96 84 87
105 93 108 96 99
90 78 93 81 84
93 96 97 100 103
90 93 94 97 100
93 96 111 114 117
90 93 108 111 114
75 78 93 96 99
93 96 99 91 94
93 108 66 81 96
78 93 51 66 81
120 135 93 108 123
105 120 78 93 108
90 105 63 78 93
93 108 111 126 141
78 93 96 111 126
75 90 93 108 123
60 75 78 93 108
45 60 63 78 93
93 108 123 126 141
78 93 108 111 126
63 78 93 96 111
60 75 90 93 108
45 60 75 78 93
93 108 123 81 96
78 93 108 66 81
63 78 93 51 66
105 120 135 93 108
90 105 120 78 93
54 69 25 40 55
39 54 10 25 40
54 69 84 40 55
39 54 69 25 40
24 39 54 10 25
48 51 54 69 72
33 36 39 54 57
30 33 36 51 54
54 57 49 52 55
51 54 46 49 52
63 66 54 69 57
48 51 39 54 42
60 63 51 66 54
48 51 54 55 58
54 69 70 85 100
39 54 55 70 85
54 69 84 85 100
39 54 69 70 85
24 39 54 55 70
63 51 66 54 57
60 48 63 51 54
33 36 51 54 57
30 33 48 51 54
51 54 57 49 52
48 51 54 46 49
54 69 27 42 57
39 54 12 27 42
81 96 54 69 84
66 81 39 54 69
51 66 24 39 54
54 69 72 87 102
39 54 57 72 87
36 51 54 69 84
21 36 39 54 69
6 21 24 39 54
54 69 84 87 102
39 54 69 72 87
24 39 54 57 72
21 36 51 54 69
6 21 36 39 54
54 69 84 42 57
39 54 69 27 42
24 39 54 12 27
66 81 96 54 69
51 66 81 39 54
4 7 10 25 28
10 13 5 8 11
7 10 2 5 8
9 12 4 7 10
19 22 10 25 13
16 19 7 22 10
4 7 10 11 14
3 6 9 10 13
0 3 6 7 10
10 25 26 41 56
10 25 40 41 56
19 7 22 10 13
16 4 19 7 10
3 6 7 10 13
0 3 4 7 10
7 10 13 5 8
4 7 10 2 5
37 52 10 25 40
10 25 28 43 58
10 25 40 43 58
22 37 52 10 25
145 160 116 131 146
130 145 101 116 131
144 159 115 130 145
130 145 160 116 131
115 130 145 101 116
139 142 145 160 163
124 127 130 145 148
121 124 127 142 145
145 148 140 143 146
142 145 137 140 143
144 147 139 142 145
154 157 145 160 148
139 142 130 145 133
151 154 142 157 145
139 142 145 146 149
138 141 144 145 148
135 138 141 142 145
114 129 130 145 160
99 114 115 130 145
115 130 145 146 161
114 129 144 145 160
99 114 129 130 145
154 142 157 145 148
151 139 154 142 145
138 141 142 145 148
135 138 139 142 145
124 127 142 145 148
121 124 139 142 145
142 145 148 140 143
139 142 145 137 140
145 160 118 133 148
130 145 103 118 133
142 157 115 130 145
112 127 130 145 160
97 112 115 130 145
115 130 145 148 163
112 127 142 145 160
97 112 127 130 145
130 145 160 118 133
115 130 145 103 118
133 148 104 119 134
118 133 89 104 119
147 162 118 133 148
132 147 103 118 133
133 148 163 119 134
118 133 148 104 119
103 118 133 89 104
132 147 162 118 133
109 112 115 130 133
130 133 125 128 131
123 126 129 130 133
118 133 134 149 164
117 132 133 148 163
102 117 118 133 148
87 102 103 118 133
118 133 148 149 164
103 118 133 134 149
102 117 132 133 148
87 102 117 118 133
139 127 142 130 133
123 126 127 130 133
109 112 127 130 133
127 130 133 125 128
115 130 133 148 163
100 115 118 133 148
85 100 103 118 133
100 115 130 133 148
85 100 115 118 133
45 60 16 31 46
30 45 1 16 31
16 31 46 2 17
30 45 60 16 31
15 30 45 1 16
16 19 22 37 40
21 24 16 19 22
16 19 22 23 26
16 31 32 47 62
1 16 17 32 47
0 15 16 31 46
16 31 46 47 62
1 16 31 32 47
16 19 20 23 26
16 19 34 37 40
18 21 24 16 19
16 31 34 49 64
1 16 19 34 49
16 31 46 49 64
1 16 31 34 49
16 31 46 4 19
103 118 74 89 104
88 103 59 74 89
88 103 118 74 89
65 68 71 86 89
79 82 85 86 89
73 88 89 104 119
58 73 74 89 104
43 58 59 74 89
58 73 88 89 104
43 58 73 74 89
116 131 89 104 119
101 116 74 89 104
86 101 59 74 89
71 86 89 104 119
56 71 74 89 104
41 56 59 74 89
56 71 86 89 104
41 56 71 74 89
101 116 131 89 104
86 101 116 74 89
105 120 76 91 106
90 105 61 76 91
105 120 135 91 106
90 105 120 76 91
75 90 105 61 76
105 108 111 126 129
105 108 96 111 99
105 108 111 112 115
105 120 121 136 151
90 105 106 121 136
105 120 135 136 151
90 105 120 121 136
75 90 105 106 121
105 108 109 112 115
105 108 123 126 129
105 120 123 138 153
90 105 108 123 138
105 120 135 138 153
90 105 120 123 138
75 90 105 108 123
75 90 105 63 78
66 81 37 52 67
51 66 22 37 52
66 81 96 52 67
51 66 81 37 52
36 51 66 22 37
63 66 69 84 87
60 63 66 81 84
45 48 51 66 69
66 69 61 64 67
75 78 66 81 69
63 66 69 70 73
60 63 66 67 70
66 81 82 97 112
51 66 67 82 97
66 81 96 97 112
51 66 81 82 97
36 51 66 67 82
78 66 81 69 72
75 63 78 66 69
63 66 67 70 73
63 66 81 84 87
48 51 66 69 72
45 48 63 66 69
66 69 72 64 67
63 66 69 61 64
63 78 36 51 66
66 81 84 99 114
51 66 69 84 99
48 63 66 81 96
33 48 51 66 81
18 33 36 51 66
66 81 96 99 114
51 66 81 84 99
36 51 66 69 84
33 48 63 66 81
18 33 48 51 66
36 51 66 24 39
33 48 4 19 34
18 33 48 4 19
1 4 7 22 25
6 9 1 4 7
1 4 7 8 11
4 19 20 35 50
4 19 34 35 50
4 7 8 11 14
1 4 5 8 11
4 7 22 25 28
1 4 19 22 25
6 9 12 4 7
3 6 9 1 4
31 46 4 19 34
4 19 22 37 52
4 19 34 37 52
139 154 110 125 140
138 153 109 124 139
124 139 154 110 125
136 139 142 157 160
141 144 136 139 142
136 139 127 142 130
136 139 142 143 146
108 123 124 139 154
109 124 139 140 155
108 123 138 139 154
136 124 139 127 130
139 142 143 146 149
136 139 140 143 146
139 142 157 160 163
136 139 154 157 160
141 144 147 139 142
138 141 144 136 139
139 154 112 127 142
124 139 97 112 127
136 151 109 124 139
106 121 124 139 154
91 106 109 124 139
109 124 139 142 157
106 121 136 139 154
91 106 121 124 139
124 139 154 112 127
109 124 139 97 112
46 61 17 32 47
31 46 2 17 32
31 46 61 17 32
17 20 23 38 41
22 25 17 20 23
17 20 8 23 11
17 5 20 8 11
17 20 35 38 41
19 22 25 17 20
17 32 35 50 65
2 17 20 35 50
17 32 47 50 65
2 17 32 35 50
17 32 47 5 20
157 160 152 155 158
152 155 143 158 146
106 121 136 137 152
152 140 155 143 146
154 157 160 152 155
137 152 110 125 140
142 157 113 128 143
127 142 98 113 128
127 142 157 113 128
112 127 142 98 113
110 113 116 131 134
107 110 113 128 131
115 118 110 113 116
112 115 107 110 113
110 113 101 116 104
107 110 98 113 101
106 109 112 113 116
97 112 113 128 143
82 97 98 113 128
82 97 112 113 128
67 82 97 98 113
125 113 128 116 119
110 98 113 101 104
109 112 113 116 119
106 109 110 113 116
110 113 128 131 134
112 115 118 110 113
113 128 86 101 116
98 113 71 86 101
140 155 113 128 143
125 140 98 113 128
113 128 131 146 161
98 113 116 131 146
113 128 143 146 161
98 113 128 131 146
113 128 143 101 116
98 113 128 86 101
125 140 155 113 128
110 125 140 98 113
123 138 94 109 124
108 123 79 94 109
123 138 153 109 124
108 123 138 94 109
123 126 129 144 147
120 123 126 141 144
123 126 114 129 117
120 123 111 126 114
120 123 126 127 130
123 111 126 114 117
135 123 138 126 129
120 108 123 111 114
120 123 124 127 130
123 126 141 144 147
120 123 138 141 144
123 126 129 121 124
123 138 96 111 126
108 123 81 96 111
135 150 108 123 138
108 123 126 141 156
108 123 138 141 156
123 138 153 111 126
108 123 138 96 111
120 135 150 108 123
84 99 55 70 85
69 84 40 55 70
84 99 114 70 85
69 84 99 55 70
78 81 84 99 102
84 87 79 82 85
81 84 76 79 82
78 81 69 84 72
78 81 84 85 88
84 99 100 115 130
69 84 85 100 115
84 99 114 115 130
69 84 99 100 115
60 63 78 81 84
81 84 87 79 82
78 81 84 76 79
84 99 57 72 87
69 84 42 57 72
111 126 84 99 114
96 111 69 84 99
84 99 102 117 132
69 84 87 102 117
84 99 114 117 132
69 84 99 102 117
84 99 114 72 87
69 84 99 57 72
96 111 126 84 99
81 96 111 69 84
40 55 11 26 41
40 55 70 26 41
25 40 55 11 26
34 37 40 55 58
19 22 25 40 43
40 43 35 38 41
37 40 32 35 38
39 42 34 37 40
49 52 40 55 43
34 37 25 40 28
46 49 37 52 40
34 37 40 41 44
33 36 39 40 43
30 33 36 37 40
40 55 56 71 86
25 40 41 56 71
24 39 40 55 70
9 24 25 40 55
40 55 70 71 86
25 40 55 56 71
9 24 39 40 55
49 37 52 40 43
46 34 49 37 40
33 36 37 40 43
30 33 34 37 40
19 22 37 40 43
37 40 43 35 38
34 37 40 32 35
40 55 13 28 43
67 82 40 55 70
52 67 25 40 55
40 55 58 73 88
25 40 43 58 73
22 37 40 55 70
7 22 25 40 55
40 55 70 73 88
25 40 55 58 73
7 22 37 40 55
40 55 70 28 43
25 40 55 13 28
52 67 82 40 55
37 52 67 25 40
0 3 6 21 24
0 15 30 31 46
0 3 18 21 24
0 15 18 33 48
0 15 30 33 48
148 163 119 134 149
160 163 155 158 161
153 156 159 160 163
117 132 147 148 163
153 156 157 160 163
157 160 163 155 158
125 128 116 131 119
109 112 115 116 119
103 118 119 134 149
88 103 104 119 134
88 103 118 119 134
73 88 103 104 119
146 161 119 134 149
131 146 104 119 134
101 116 119 134 149
86 101 104 119 134
86 101 116 119 134
71 86 101 104 119
131 146 161 119 134
116 131 146 104 119
135 150 106 121 136
120 135 91 106 121
120 135 150 106 121
135 138 141 156 159
135 138 126 141 129
135 138 153 156 159
96 111 67 82 97
81 96 52 67 82
96 111 126 82 97
81 96 111 67 82
75 78 81 96 99
96 99 91 94 97
96 111 112 127 142
81 96 97 112 127
96 111 126 127 142
81 96 111 112 127
108 96 111 99 102
78 81 96 99 102
96 99 102 94 97
96 111 114 129 144
81 96 99 114 129
63 78 81 96 111
96 111 126 129 144
81 96 111 114 129
48 63 78 81 96
34 49 5 20 35
63 78 34 49 64
48 63 19 34 49
34 49 64 20 35
19 34 49 5 20
48 63 78 34 49
33 48 63 19 34
31 34 37 52 55
36 39 31 34 37
31 34 22 37 25
31 34 37 38 41
34 49 50 65 80
19 34 35 50 65
18 33 34 49 64
3 18 19 34 49
34 49 64 65 80
19 34 49 50 65
3 18 33 34 49
34 22 37 25 28
31 19 34 22 25
34 37 38 41 44
31 34 35 38 41
34 37 52 55 58
31 34 49 52 55
36 39 42 34 37
33 36 39 31 34
34 49 7 22 37
61 76 34 49 64
46 61 19 34 49
34 49 52 67 82
19 34 37 52 67
34 49 64 67 82
19 34 49 52 67
34 49 64 22 37
19 34 49 7 22
46 61 76 34 49
31 46 61 19 34
117 132 147 103 118
153 156 144 159 147
153 141 156 144 147
144 159 117 132 147
114 129 132 147 162
99 114 117 132 147
114 129 144 147 162
99 114 129 132 147
76 91 47 62 77
61 76 32 47 62
61 76 91 47 62
46 61 76 32 47
47 50 53 68 71
52 55 47 50 53
47 50 38 53 41
31 46 47 62 77
47 35 50 38 41
47 50 65 68 71
49 52 55 47 50
47 62 20 35 50
32 47 5 20 35
32 47 50 65 80
32 47 62 65 80
47 62 77 35 50
32 47 62 20 35
37 52 8 23 38
22 37 52 8 23
5 8 11 26 29
2 5 8 23 26
20 8 23 11 14
5 8 23 26 29
35 50 8 23 38
8 23 26 41 56
8 23 38 41 56
20 35 50 8 23
18 21 24 39 42
15 18 21 36 39
18 21 9 24 12
15 18 6 21 9
18 21 24 25 28
15 18 21 22 25
18 33 48 49 64
18 6 21 9 12
30 18 33 21 24
15 3 18 6 9
18 21 22 25 28
15 18 19 22 25
18 21 36 39 42
15 18 33 36 39
45 60 18 33 48
30 45 3 18 33
3 18 21 36 51
3 18 33 36 51
18 33 48 6 21
30 45 60 18 33
15 30 45 3 18
140 143 146 161 164
137 140 143 158 161
140 143 131 146 134
137 140 128 143 131
112 127 128 143 158
112 127 142 143 158
97 112 127 128 143
155 143 158 146 149
140 128 143 131 134
140 143 158 161 164
125 128 143 146 149
143 158 116 131 146
128 143 101 116 131
110 125 128 143 158
110 125 140 143 158
128 143 158 116 131
150 153 141 156 144
150 153 156 157 160
150 138 153 141 144
150 153 154 157 160
153 156 159 151 154
138 153 111 126 141
114 129 85 100 115
99 114 70 85 100
114 129 144 100 115
99 114 129 85 100
108 111 114 129 132
114 117 109 112 115
111 114 106 109 112
108 111 99 114 102
108 111 114 115 118
111 114 117 109 112
108 111 114 106 109
114 129 87 102 117
99 114 72 87 102
141 156 114 129 144
126 141 99 114 129
114 129 144 102 117
99 114 129 87 102
126 141 156 114 129
111 126 141 99 114
70 85 41 56 71
55 70 26 41 56
70 85 100 56 71
55 70 85 41 56
64 67 70 85 88
49 52 55 70 73
46 49 52 67 70
70 73 65 68 71
67 70 62 65 68
69 72 64 67 70
79 82 70 85 73
64 67 55 70 58
76 79 67 82 70
64 67 70 71 74
70 85 86 101 116
55 70 71 86 101
70 85 100 101 116
55 70 85 86 101
79 67 82 70 73
76 64 79 67 70
60 63 64 67 70
49 52 67 70 73
46 49 64 67 70
67 70 73 65 68
64 67 70 62 65
70 85 43 58 73
55 70 28 43 58
97 112 70 85 100
82 97 55 70 85
70 85 88 103 118
55 70 73 88 103
52 67 70 85 100
37 52 55 70 85
70 85 100 103 118
55 70 85 88 103
37 52 67 70 85
22 37 52 55 70
70 85 100 58 73
55 70 85 43 58
82 97 112 70 85
67 82 97 55 70
58 73 29 44 59
43 58 14 29 44
87 102 58 73 88
72 87 43 58 73
57 72 28 43 58
58 73 88 44 59
43 58 73 29 44
28 43 58 14 29
72 87 102 58 73
57 72 87 43 58
55 58 50 53 56
42 57 58 73 88
27 42 43 58 73
12 27 28 43 58
28 43 58 59 74
27 42 57 58 73
12 27 42 43 58
64 52 67 55 58
48 51 52 55 58
52 55 58 50 53
85 100 58 73 88
20 23 11 26 14
41 56 14 29 44
26 41 56 14 29
30 33 21 36 24
30 45 46 61 76
15 30 31 46 61
30 45 60 61 76
15 30 45 46 61
30 45 48 63 78
15 30 33 48 63
30 45 60 63 78
15 30 45 48 63
125 128 131 146 149
155 158 146 161 149
116 131 134 149 164
116 131 146 149 164
101 116 131 134 149
64 79 35 50 65
49 64 20 35 50
64 79 94 50 65
49 64 79 35 50
61 64 67 82 85
61 64 52 67 55
61 64 67 68 71
48 63 64 79 94
33 48 49 64 79
33 48 63 64 79
61 49 64 52 55
64 67 68 71 74
61 64 65 68 71
64 67 82 85 88
61 64 79 82 85
64 79 37 52 67
49 64 22 37 52
91 106 64 79 94
76 91 49 64 79
64 79 82 97 112
49 64 67 82 97
46 61 64 79 94
31 46 49 64 79
64 79 94 97 112
49 64 79 82 97
31 46 61 64 79
64 79 94 52 67
49 64 79 37 52
76 91 106 64 79
61 76 91 49 64
126 141 97 112 127
111 126 82 97 112
126 141 156 112 127
111 126 141 97 112
126 129 121 124 127
111 126 127 142 157
111 126 141 142 157
138 126 141 129 132
108 111 126 129 132
126 129 132 124 127
111 126 129 144 159
111 126 141 144 159
106 121 77 92 107
91 106 62 77 92
91 106 121 77 92
76 91 106 62 77
61 76 77 92 107
46 61 62 77 92
46 61 76 77 92
31 46 61 62 77
77 65 80 68 71
79 82 85 77 80
77 92 50 65 80
62 77 35 50 65
77 92 107 110 125
77 92 107 65 80
62 77 92 50 65
67 82 38 53 68
52 67 23 38 53
52 67 82 38 53
37 52 67 23 38
35 38 41 56 59
32 35 38 53 56
35 38 26 41 29
32 35 23 38 26
22 37 38 53 68
7 22 23 38 53
7 22 37 38 53
50 38 53 41 44
35 23 38 26 29
35 38 53 56 59
20 23 38 41 44
38 53 11 26 41
65 80 38 53 68
50 65 23 38 53
38 53 56 71 86
23 38 41 56 71
20 35 38 53 68
5 20 23 38 53
38 53 68 71 86
23 38 53 56 71
5 20 35 38 53
38 53 68 26 41
23 38 53 11 26
50 65 80 38 53
35 50 65 23 38
45 48 36 51 39
45 48 51 52 55
48 63 78 79 94
48 36 51 39 42
45 33 48 36 39
45 48 49 52 55
48 63 21 36 51
33 48 6 21 36
75 90 48 63 78
60 75 33 48 63
48 63 78 36 51
33 48 63 21 36
60 75 90 48 63
45 60 75 33 48
3 6 9 24 27
36 51 9 24 39
9 24 27 42 57
9 24 39 42 57
21 36 51 9 24
100 115 71 86 101
85 100 56 71 86
129 144 100 115 130
100 115 130 86 101
85 100 115 71 86
94 97 100 115 118
79 82 85 100 103
76 79 82 97 100
99 102 94 97 100
109 112 100 115 103
94 97 85 100 88
106 109 97 112 100
94 97 100 101 104
100 115 116 131 146
85 100 101 116 131
100 115 130 131 146
85 100 115 116 131
109 97 112 100 103
106 94 109 97 100
79 82 97 100 103
76 79 94 97 100
100 115 73 88 103
127 142 100 115 130
112 127 85 100 115
82 97 100 115 130
67 82 85 100 115
67 82 97 100 115
52 67 82 85 100
100 115 130 88 103
85 100 115 73 88
112 127 142 100 115
97 112 127 85 100
141 156 112 127 142
106 109 112 127 130
129 132 124 127 130
124 127 115 130 118
121 124 112 127 115
124 127 130 131 134
121 124 127 128 131
124 112 127 115 118
124 127 128 131 134
106 109 124 127 130
109 124 127 142 157
94 109 112 127 142
79 94 97 112 127
94 109 124 127 142
79 94 109 112 127
127 142 157 115 130
73 88 44 59 74
117 132 88 103 118
102 117 73 88 103
73 88 103 59 74
102 117 132 88 103
87 102 117 73 88
72 87 88 103 118
57 72 73 88 103
57 72 87 88 103
42 57 72 73 88
94 82 97 85 88
78 81 82 85 88
115 130 88 103 118
20 23 26 41 44
50 53 41 56 44
28 43 44 59 74
13 28 29 44 59
13 28 43 44 59
71 86 44 59 74
56 71 29 44 59
26 41 44 59 74
11 26 29 44 59
11 26 41 44 59
56 71 86 44 59
41 56 71 29 44
60 75 31 46 61
60 75 90 46 61
45 60 75 31 46
60 75 76 91 106
45 60 61 76 91
60 75 90 91 106
45 60 75 76 91
21 36 51 7 22
21 36 37 52 67
6 21 22 37 52
21 36 51 52 67
6 21 36 37 52
33 21 36 24 27
3 6 21 24 27
21 24 27 19 22
156 159 151 154 157
138 141 156 159 162
156 159 162 154 157
115 130 86 101 116
91 94 97 98 101
94 97 98 101 104
53 68 71 86 101
71 86 101 59 74
42 57 72 28 43
72 87 102 103 118
24 39 42 57 72
151 154 157 158 161
151 154 155 158 161
121 136 151 109 124
106 121 136 92 107
61 76 91 92 107
107 110 125 128 131
109 112 115 107 110
92 107 110 125 140
67 82 97 53 68
65 68 56 71 59
62 65 53 68 56
22 37 52 53 68
65 53 68 56 59
50 53 68 71 74
53 68 26 41 56
20 35 50 53 68
75 78 81 82 85
63 78 79 94 109
75 78 79 82 85
109 124 125 140 155
94 109 110 125 140
94 109 124 125 140
79 94 109 110 125
137 125 140 128 131
121 124 125 128 131
36 51 7 22 37
24 27 19 22 25
19 22 25 26 29
19 22 23 26 29
22 25 28 20 23
129 144 159 115 130
115 130 131 146 161
82 97 112 115 130
159 162 154 157 160
154 157 160 161 164
154 157 158 161 164
108 111 112 115 118
94 97 112 115 118
75 90 46 61 76
75 90 91 106 121
36 51 52 67 82
46 49 52 53 56
46 49 50 53 56
46 61 76 79 94
129 144 102 117 132
2 5 20 23 26
137 140 155 158 161
25 28 20 23 26
32 20 35 23 26
49 52 55 56 59
49 52 53 56 59
79 94 52 67 82
42 57 13 28 43
27 42 57 13 28
26 41 56 59 74
76 91 94 109 124
61 76 79 94 109
76 91 106 109 124
61 76 91 94 109
138 141 129 144 132
129 144 159 117 132
32 35 50 53 56
79 94 50 65 80
50 53 56 71 74
62 50 65 53 56
91 94 82 97 85
91 79 94 82 85
109 124 82 97 112
94 109 67 82 97
94 109 124 82 97
79 94 109 67 82
138 141 144 159 162
33 36 24 39 27
106 121 79 94 109
106 121 136 94 109
91 106 121 79 94
79 94 109 65 80
91 94 97 112 115
91 94 109 112 115
121 136 94 109 124
121 109 124 112 115
