3944
88 89 121 153 157
153 157 154 123 155
153 185 217 157 218
157 150 182 154 158
156 149 181 153 157
180 181 185 157 189
148 149 153 125 157
117 149 153 157 158
116 148 152 156 157
149 153 157 189 150
117 121 125 157 118
153 157 158 159 191
152 156 157 158 190
157 90 94 126 158
220 153 157 189 221
188 121 125 157 189
156 89 93 125 157
157 189 190 187 191
125 157 158 155 159
124 156 157 154 158
217 157 189 221 158
185 125 157 189 126
153 93 125 157 94
216 156 188 220 157
257 289 258 259 263
256 288 257 258 262
258 259 291 323 327
257 258 290 322 326
225 226 258 290 294
193 194 226 258 262
257 261 258 227 259
288 292 289 258 290
256 260 257 226 258
258 290 322 262 323
226 258 290 230 291
194 226 258 198 259
193 225 257 197 258
265 258 290 262 266
233 226 258 230 234
258 259 263 235 267
257 258 262 234 266
258 290 294 298 299
226 258 262 266 267
258 262 266 298 259
257 261 265 297 258
325 258 262 294 326
228 260 261 258 262
258 198 230 262 199
217 249 218 219 223
154 155 187 219 223
222 215 247 219 223
246 247 251 223 255
214 215 219 191 223
182 214 218 222 223
217 221 222 223 255
185 189 190 191 223
286 219 223 255 287
254 187 191 223 255
222 155 159 191 223
189 221 222 219 223
282 222 254 286 223
108 140 109 110 114
76 108 77 78 82
108 109 141 173 177
108 112 109 78 110
104 108 105 74 106
108 140 172 112 173
76 108 140 80 141
44 76 108 48 109
104 136 168 108 169
108 101 133 105 109
108 109 113 85 117
108 140 144 148 149
76 108 112 116 117
72 104 108 112 113
68 100 104 108 109
108 112 116 148 109
104 108 112 144 105
100 104 108 140 101
68 72 76 108 69
108 112 113 114 146
104 108 109 110 142
108 41 45 77 109
108 140 141 138 142
76 108 109 106 110
108 48 80 112 49
168 108 140 172 109
136 76 108 140 77
104 44 76 108 45
376 377 409 441 445
441 445 442 411 443
441 473 505 445 506
445 438 470 442 446
444 437 469 441 445
468 469 473 445 477
436 437 441 413 445
405 437 441 445 446
404 436 440 444 445
437 441 445 477 438
405 409 413 445 406
441 445 446 447 479
440 444 445 446 478
445 378 382 414 446
508 441 445 477 509
476 409 413 445 477
444 377 381 413 445
445 477 478 475 479
413 445 446 443 447
412 444 445 442 446
505 445 477 509 446
473 413 445 477 414
441 381 413 445 382
504 444 476 508 445
545 577 546 547 551
544 576 545 546 550
546 547 579 611 615
545 546 578 610 614
513 514 546 578 582
481 482 514 546 550
545 549 546 515 547
576 580 577 546 578
544 548 545 514 546
546 578 610 550 611
514 546 578 518 579
482 514 546 486 547
481 513 545 485 546
553 546 578 550 554
521 514 546 518 522
546 547 551 523 555
545 546 550 522 554
546 578 582 586 587
514 546 550 554 555
546 550 554 586 547
545 549 553 585 546
613 546 550 582 614
516 548 549 546 550
546 486 518 550 487
505 537 506 507 511
442 443 475 507 511
510 503 535 507 511
534 535 539 511 543
502 503 507 479 511
470 502 506 510 511
505 509 510 511 543
473 477 478 479 511
574 507 511 543 575
542 475 479 511 543
510 443 447 479 511
477 509 510 507 511
570 510 542 574 511
396 428 397 398 402
364 396 365 366 370
396 397 429 461 465
396 400 397 366 398
392 396 393 362 394
396 428 460 400 461
364 396 428 368 429
332 364 396 336 397
392 424 456 396 457
396 389 421 393 397
396 397 401 373 405
396 428 432 436 437
364 396 400 404 405
360 392 396 400 401
356 388 392 396 397
396 400 404 436 397
392 396 400 432 393
388 392 396 428 389
356 360 364 396 357
396 400 401 402 434
392 396 397 398 430
396 329 333 365 397
396 428 429 426 430
364 396 397 394 398
396 336 368 400 337
456 396 428 460 397
424 364 396 428 365
392 332 364 396 333
33 65 34 35 39
1 33 2 3 7
32 64 33 34 38
33 34 66 98 102
32 33 65 97 101
0 1 33 65 69
33 37 34 3 35
32 36 33 2 34
33 65 97 37 98
1 33 65 5 66
40 33 65 37 41
8 1 33 5 9
33 34 38 10 42
32 33 37 9 41
33 65 69 73 74
1 33 37 41 42
33 37 41 73 34
32 36 40 72 33
33 37 38 39 71
100 33 37 69 101
177 209 178 179 183
176 208 177 178 182
172 204 173 174 178
178 179 211 243 247
177 178 210 242 246
145 146 178 210 214
113 114 146 178 182
109 110 142 174 178
177 181 178 147 179
208 212 209 178 210
176 180 177 146 178
178 210 242 182 243
146 178 210 150 211
114 146 178 118 179
174 206 238 178 239
113 145 177 117 178
178 171 203 175 179
185 178 210 182 186
153 146 178 150 154
181 174 206 178 182
177 170 202 174 178
178 179 183 155 187
177 178 182 154 186
173 174 178 150 182
201 202 206 178 210
169 170 174 146 178
178 210 214 218 219
146 178 182 186 187
142 174 178 182 183
138 170 174 178 179
137 169 173 177 178
178 182 186 218 179
174 178 182 214 175
170 174 178 210 171
138 142 146 178 139
177 181 185 217 178
173 177 178 179 211
172 176 177 178 210
140 144 145 146 178
178 111 115 147 179
245 178 182 214 246
241 174 178 210 242
209 142 146 178 210
177 110 114 146 178
145 177 178 175 179
148 180 181 178 182
144 176 177 174 178
178 118 150 182 119
238 178 210 242 179
206 146 178 210 147
174 114 146 178 115
237 177 209 241 178
97 129 98 99 103
98 99 131 163 167
66 67 99 131 135
34 35 67 99 103
129 133 130 99 131
97 101 98 67 99
34 66 98 38 99
106 99 131 103 107
74 67 99 71 75
98 99 103 75 107
98 102 106 138 99
166 99 103 135 167
69 101 102 99 103
24 56 88 28 89
28 21 53 25 29
20 24 28 60 21
24 28 29 30 62
28 60 61 58 62
88 28 60 92 29
465 497 466 467 471
464 496 465 466 470
460 492 461 462 466
466 467 499 531 535
465 466 498 530 534
433 434 466 498 502
401 402 434 466 470
397 398 430 462 466
465 469 466 435 467
496 500 497 466 498
464 468 465 434 466
466 498 530 470 531
434 466 498 438 499
402 434 466 406 467
462 494 526 466 527
401 433 465 405 466
466 459 491 463 467
473 466 498 470 474
441 434 466 438 442
469 462 494 466 470
465 458 490 462 466
466 467 471 443 475
465 466 470 442 474
461 462 466 438 470
489 490 494 466 498
457 458 462 434 466
466 498 502 506 507
434 466 470 474 475
430 462 466 470 471
426 458 462 466 467
425 457 461 465 466
466 470 474 506 467
462 466 470 502 463
458 462 466 498 459
426 430 434 466 427
465 469 473 505 466
461 465 466 467 499
460 464 465 466 498
428 432 433 434 466
466 399 403 435 467
533 466 470 502 534
529 462 466 498 530
497 430 434 466 498
465 398 402 434 466
433 465 466 463 467
436 468 469 466 470
432 464 465 462 466
466 406 438 470 407
526 466 498 530 467
494 434 466 498 435
462 402 434 466 403
525 465 497 529 466
152 184 153 154 158
120 152 121 122 126
152 153 185 217 221
152 156 153 122 154
148 152 149 118 150
152 184 216 156 217
120 152 184 124 185
88 120 152 92 153
148 180 212 152 213
152 145 177 149 153
112 144 148 152 153
148 152 156 188 149
144 148 152 184 145
112 116 120 152 113
148 152 153 154 186
152 85 89 121 153
152 184 185 182 186
120 152 153 150 154
152 92 124 156 93
212 152 184 216 153
180 120 152 184 121
148 88 120 152 89
440 472 441 442 446
408 440 409 410 414
440 441 473 505 509
440 444 441 410 442
436 440 437 406 438
440 472 504 444 505
408 440 472 412 473
376 408 440 380 441
436 468 500 440 501
440 433 465 437 441
400 432 436 440 441
436 440 444 476 437
432 436 440 472 433
400 404 408 440 401
436 440 441 442 474
440 373 377 409 441
440 472 473 470 474
408 440 441 438 442
440 380 412 444 381
500 440 472 504 441
468 408 440 472 409
436 376 408 440 377
281 313 282 283 287
249 281 250 251 255
280 312 281 282 286
281 282 314 346 350
280 281 313 345 349
248 249 281 313 317
216 217 249 281 285
212 213 245 277 281
281 285 282 251 283
277 281 278 247 279
280 284 281 250 282
281 313 345 285 346
249 281 313 253 314
217 249 281 221 282
277 309 341 281 342
216 248 280 220 281
281 274 306 278 282
284 277 309 281 285
280 273 305 277 281
276 277 281 253 285
304 305 309 281 313
272 273 277 249 281
245 277 281 285 286
241 273 277 281 282
240 272 276 280 281
277 281 285 317 278
273 277 281 313 274
241 245 249 281 242
281 285 286 287 319
277 281 282 283 315
276 280 281 282 314
281 214 218 250 282
348 281 285 317 349
344 277 281 313 345
312 245 249 281 313
280 213 217 249 281
281 313 314 311 315
249 281 282 279 283
248 280 281 278 282
281 221 253 285 222
341 281 313 345 282
309 249 281 313 250
277 217 249 281 218
340 280 312 344 281
569 601 570 571 575
537 569 538 539 543
568 600 569 570 574
569 570 602 634 638
568 569 601 633 637
536 537 569 601 605
504 505 537 569 573
500 501 533 565 569
569 573 570 539 571
565 569 566 535 567
568 572 569 538 570
569 601 633 573 634
537 569 601 541 602
505 537 569 509 570
565 597 629 569 630
504 536 568 508 569
569 562 594 566 570
572 565 597 569 573
568 561 593 565 569
564 565 569 541 573
592 593 597 569 601
560 561 565 537 569
533 565 569 573 574
529 561 565 569 570
528 560 564 568 569
565 569 573 605 566
561 565 569 601 562
529 533 537 569 530
569 573 574 575 607
565 569 570 571 603
564 568 569 570 602
569 502 506 538 570
636 569 573 605 637
632 565 569 601 633
600 533 537 569 601
568 501 505 537 569
569 601 602 599 603
537 569 570 567 571
536 568 569 566 570
569 509 541 573 510
629 569 601 633 570
597 537 569 601 538
565 505 537 569 506
628 568 600 632 569
77 109 78 79 83
45 77 46 47 51
77 78 110 142 146
76 77 109 141 145
44 45 77 109 113
12 13 45 77 81
8 9 41 73 77
77 81 78 47 79
73 77 74 43 75
76 80 77 46 78
77 109 141 81 142
45 77 109 49 110
13 45 77 17 78
73 105 137 77 138
12 44 76 16 77
77 70 102 74 78
84 77 109 81 85
52 45 77 49 53
80 73 105 77 81
76 69 101 73 77
77 78 82 54 86
76 77 81 53 85
72 73 77 49 81
100 101 105 77 109
68 69 73 45 77
77 109 113 117 118
45 77 81 85 86
41 73 77 81 82
37 69 73 77 78
36 68 72 76 77
77 81 85 117 78
73 77 81 113 74
69 73 77 109 70
37 41 45 77 38
76 80 84 116 77
77 81 82 83 115
73 77 78 79 111
72 76 77 78 110
77 10 14 46 78
144 77 81 113 145
140 73 77 109 141
76 9 13 45 77
77 109 110 107 111
45 77 78 75 79
44 76 77 74 78
77 17 49 81 18
137 77 109 141 78
105 45 77 109 46
73 13 45 77 14
216 248 217 218 222
153 154 186 218 222
218 250 282 222 283
221 214 246 218 222
245 246 250 222 254
213 214 218 190 222
181 213 217 221 222
214 218 222 254 215
182 186 190 222 183
216 220 221 222 254
184 188 189 190 222
285 218 222 254 286
253 186 190 222 254
221 154 158 190 222
188 220 221 218 222
250 190 222 254 191
218 158 190 222 159
141 173 142 143 147
137 169 138 139 143
142 143 175 207 211
110 111 143 175 179
78 79 111 143 147
74 75 107 139 143
173 177 174 143 175
141 145 142 111 143
78 110 142 82 143
150 143 175 147 151
118 111 143 115 119
146 139 171 143 147
142 135 167 139 143
142 143 147 119 151
138 139 143 115 147
166 167 171 143 175
134 135 139 111 143
102 134 138 142 143
142 146 150 182 143
137 141 142 143 175
105 109 110 111 143
210 143 147 179 211
206 139 143 175 207
174 107 111 143 175
142 75 79 111 143
113 145 146 143 147
109 141 142 139 143
202 142 174 206 143
365 397 366 367 371
333 365 334 335 339
365 366 398 430 434
364 365 397 429 433
332 333 365 397 401
300 301 333 365 369
296 297 329 361 365
365 369 366 335 367
361 365 362 331 363
364 368 365 334 366
365 397 429 369 430
333 365 397 337 398
301 333 365 305 366
361 393 425 365 426
300 332 364 304 365
365 358 390 362 366
372 365 397 369 373
340 333 365 337 341
368 361 393 365 369
364 357 389 361 365
365 366 370 342 374
364 365 369 341 373
360 361 365 337 369
388 389 393 365 397
356 357 361 333 365
365 397 401 405 406
333 365 369 373 374
329 361 365 369 370
325 357 361 365 366
324 356 360 364 365
365 369 373 405 366
361 365 369 401 362
357 361 365 397 358
325 329 333 365 326
364 368 372 404 365
365 369 370 371 403
361 365 366 367 399
360 364 365 366 398
365 298 302 334 366
432 365 369 401 433
428 361 365 397 429
364 297 301 333 365
365 397 398 395 399
333 365 366 363 367
332 364 365 362 366
365 305 337 369 306
425 365 397 429 366
393 333 365 397 334
361 301 333 365 302
504 536 505 506 510
441 442 474 506 510
506 538 570 510 571
509 502 534 506 510
533 534 538 510 542
501 502 506 478 510
469 501 505 509 510
502 506 510 542 503
470 474 478 510 471
504 508 509 510 542
472 476 477 478 510
573 506 510 542 574
541 474 478 510 542
509 442 446 478 510
476 508 509 506 510
538 478 510 542 479
506 446 478 510 447
429 461 430 431 435
425 457 426 427 431
430 431 463 495 499
398 399 431 463 467
366 367 399 431 435
362 363 395 427 431
461 465 462 431 463
429 433 430 399 431
366 398 430 370 431
438 431 463 435 439
406 399 431 403 407
434 427 459 431 435
430 423 455 427 431
430 431 435 407 439
426 427 431 403 435
454 455 459 431 463
422 423 427 399 431
390 422 426 430 431
430 434 438 470 431
425 429 430 431 463
393 397 398 399 431
498 431 435 467 499
494 427 431 463 495
462 395 399 431 463
430 363 367 399 431
401 433 434 431 435
397 429 430 427 431
490 430 462 494 431
200 232 201 202 206
168 200 169 170 174
200 201 233 265 269
200 204 201 170 202
196 200 197 166 198
200 232 264 204 265
168 200 232 172 233
136 168 200 140 201
196 228 260 200 261
200 193 225 197 201
200 201 205 177 209
200 232 236 240 241
168 200 204 208 209
164 196 200 204 205
160 192 196 200 201
200 204 208 240 201
196 200 204 236 197
192 196 200 232 193
160 164 168 200 161
200 204 205 206 238
196 200 201 202 234
200 133 137 169 201
200 232 233 230 234
168 200 201 198 202
200 140 172 204 141
260 200 232 264 201
228 168 200 232 169
196 136 168 200 137
488 520 489 490 494
456 488 457 458 462
488 489 521 553 557
488 492 489 458 490
484 488 485 454 486
488 520 552 492 553
456 488 520 460 521
424 456 488 428 489
484 516 548 488 549
488 481 513 485 489
488 489 493 465 497
488 520 524 528 529
456 488 492 496 497
452 484 488 492 493
448 480 484 488 489
488 492 496 528 489
484 488 492 524 485
480 484 488 520 481
448 452 456 488 449
488 492 493 494 526
484 488 489 490 522
488 421 425 457 489
488 520 521 518 522
456 488 489 486 490
488 428 460 492 429
548 488 520 552 489
516 456 488 520 457
484 424 456 488 425
96 128 97 98 102
97 98 130 162 166
65 66 98 130 134
128 132 129 98 130
96 100 97 66 98
98 130 162 102 163
66 98 130 70 131
105 98 130 102 106
73 66 98 70 74
97 98 102 74 106
98 130 134 138 139
66 98 102 106 107
97 101 105 137 98
165 98 102 134 166
68 100 101 98 102
98 38 70 102 39
57 89 58 59 63
62 55 87 59 63
86 87 91 63 95
54 55 59 31 63
22 54 58 62 63
57 61 62 63 95
25 29 30 31 63
126 59 63 95 127
94 27 31 63 95
29 61 62 59 63
122 62 94 126 63
285 278 310 282 286
308 309 313 285 317
244 276 280 284 285
245 249 253 285 246
280 284 285 286 318
316 249 253 285 317
284 217 221 253 285
285 317 318 315 319
253 285 286 283 287
252 284 285 282 286
345 285 317 349 286
313 253 285 317 254
344 284 316 348 285
385 417 386 387 391
384 416 385 386 390
386 387 419 451 455
385 386 418 450 454
353 354 386 418 422
321 322 354 386 390
385 389 386 355 387
416 420 417 386 418
384 388 385 354 386
386 418 450 390 451
354 386 418 358 419
322 354 386 326 387
321 353 385 325 386
393 386 418 390 394
361 354 386 358 362
386 387 391 363 395
385 386 390 362 394
386 418 422 426 427
354 386 390 394 395
386 390 394 426 387
385 389 393 425 386
453 386 390 422 454
356 388 389 386 390
386 326 358 390 327
589 621 590 591 595
585 617 586 587 591
558 559 591 623 627
526 527 559 591 595
522 523 555 587 591
621 625 622 591 623
589 593 590 559 591
526 558 590 530 591
598 591 623 595 599
566 559 591 563 567
594 587 619 591 595
590 583 615 587 591
590 591 595 567 599
586 587 591 563 595
614 615 619 591 623
582 583 587 559 591
550 582 586 590 591
590 594 598 630 591
585 589 590 591 623
553 557 558 559 591
622 555 559 591 623
590 523 527 559 591
561 593 594 591 595
557 589 590 587 591
345 377 346 347 351
282 283 315 347 351
350 343 375 347 351
374 375 379 351 383
342 343 347 319 351
310 342 346 350 351
345 349 350 351 383
313 317 318 319 351
414 347 351 383 415
382 315 319 351 383
350 283 287 319 351
317 349 350 347 351
410 350 382 414 351
236 268 237 238 242
204 236 205 206 210
236 237 269 301 305
236 240 237 206 238
232 236 233 202 234
236 268 300 240 301
204 236 268 208 269
172 204 236 176 237
232 264 296 236 297
236 229 261 233 237
236 237 241 213 245
236 268 272 276 277
204 236 240 244 245
196 228 232 236 237
236 240 244 276 237
232 236 240 272 233
228 232 236 268 229
236 240 241 242 274
232 236 237 238 270
236 169 173 205 237
236 268 269 266 270
204 236 237 234 238
236 176 208 240 177
296 236 268 300 237
264 204 236 268 205
232 172 204 236 173
17 49 18 19 23
16 48 17 18 22
12 44 13 14 18
18 19 51 83 87
17 18 50 82 86
48 52 49 18 50
18 50 82 22 83
14 46 78 18 79
18 11 43 15 19
25 18 50 22 26
21 14 46 18 22
17 10 42 14 18
41 42 46 18 50
18 50 54 58 59
18 22 26 58 19
14 18 22 54 15
10 14 18 50 11
17 21 25 57 18
13 17 18 19 51
12 16 17 18 50
85 18 22 54 86
81 14 18 50 82
78 18 50 82 19
489 521 490 491 495
457 489 458 459 463
489 490 522 554 558
456 457 489 521 525
424 425 457 489 493
420 421 453 485 489
489 493 490 459 491
485 489 486 455 487
489 521 553 493 554
457 489 521 461 522
425 457 489 429 490
485 517 549 489 550
489 482 514 486 490
496 489 521 493 497
464 457 489 461 465
492 485 517 489 493
484 485 489 461 493
512 513 517 489 521
480 481 485 457 489
489 521 525 529 530
457 489 493 497 498
453 485 489 493 494
449 481 485 489 490
489 493 497 529 490
485 489 493 525 486
481 485 489 521 482
449 453 457 489 450
489 493 494 495 527
485 489 490 491 523
489 422 426 458 490
556 489 493 525 557
552 485 489 521 553
520 453 457 489 521
489 521 522 519 523
457 489 490 487 491
489 429 461 493 430
549 489 521 553 490
517 457 489 521 458
485 425 457 489 426
553 585 554 555 559
549 581 550 551 555
554 555 587 619 623
490 491 523 555 559
486 487 519 551 555
585 589 586 555 587
553 557 554 523 555
490 522 554 494 555
562 555 587 559 563
530 523 555 527 531
558 551 583 555 559
554 547 579 551 555
554 555 559 531 563
550 551 555 527 559
578 579 583 555 587
554 558 562 594 555
549 553 554 555 587
517 521 522 523 555
618 551 555 587 619
586 519 523 555 587
554 487 491 523 555
525 557 558 555 559
521 553 554 551 555
614 554 586 618 555
305 337 306 307 311
304 336 305 306 310
300 332 301 302 306
306 307 339 371 375
305 306 338 370 374
273 274 306 338 342
241 242 274 306 310
237 238 270 302 306
305 309 306 275 307
336 340 337 306 338
304 308 305 274 306
306 338 370 310 371
274 306 338 278 339
242 274 306 246 307
302 334 366 306 367
241 273 305 245 306
306 299 331 303 307
313 306 338 310 314
309 302 334 306 310
305 298 330 302 306
306 307 311 283 315
305 306 310 282 314
301 302 306 278 310
329 330 334 306 338
297 298 302 274 306
306 338 342 346 347
274 306 310 314 315
270 302 306 310 311
266 298 302 306 307
265 297 301 305 306
306 310 314 346 307
302 306 310 342 303
298 302 306 338 299
266 270 274 306 267
305 309 313 345 306
301 305 306 307 339
300 304 305 306 338
268 272 273 274 306
306 239 243 275 307
373 306 310 342 374
369 302 306 338 370
337 270 274 306 338
305 238 242 274 306
273 305 306 303 307
276 308 309 306 310
272 304 305 302 306
306 246 278 310 247
366 306 338 370 307
334 274 306 338 275
302 242 274 306 243
428 460 429 430 434
424 456 425 426 430
429 430 462 494 498
361 362 394 426 430
460 464 461 430 462
428 432 429 398 430
430 462 494 434 495
398 430 462 402 463
426 458 490 430 491
437 430 462 434 438
405 398 430 402 406
433 426 458 430 434
429 422 454 426 430
429 430 434 406 438
425 426 430 402 434
453 454 458 430 462
421 422 426 398 430
398 430 434 438 439
394 426 430 434 435
389 421 425 429 430
422 426 430 462 423
390 394 398 430 391
429 433 437 469 430
424 428 429 430 462
493 426 430 462 494
461 394 398 430 462
429 362 366 398 430
400 432 433 430 434
430 370 402 434 371
458 398 430 462 399
426 366 398 430 367
248 280 249 250 254
276 280 277 246 278
280 312 344 284 345
248 280 312 252 313
276 308 340 280 341
276 280 284 316 277
272 276 280 312 273
240 244 248 280 241
280 312 313 310 314
280 220 252 284 221
308 248 280 312 249
276 216 248 280 217
121 153 122 123 127
89 121 90 91 95
121 122 154 186 190
120 121 153 185 189
56 57 89 121 125
52 53 85 117 121
121 125 122 91 123
117 121 118 87 119
120 124 121 90 122
121 153 185 125 186
89 121 153 93 154
57 89 121 61 122
117 149 181 121 182
56 88 120 60 121
121 114 146 118 122
124 117 149 121 125
120 113 145 117 121
116 117 121 93 125
144 145 149 121 153
112 113 117 89 121
85 117 121 125 126
81 113 117 121 122
80 112 116 120 121
113 117 121 153 114
81 85 89 121 82
121 125 126 127 159
117 121 122 123 155
116 120 121 122 154
121 54 58 90 122
184 117 121 153 185
120 53 57 89 121
121 153 154 151 155
89 121 122 119 123
88 120 121 118 122
121 61 93 125 62
181 121 153 185 122
149 89 121 153 90
117 57 89 121 58
536 568 537 538 542
564 568 565 534 566
568 600 632 572 633
536 568 600 540 601
564 596 628 568 629
532 564 568 572 573
564 568 572 604 565
560 564 568 600 561
528 532 536 568 529
568 572 573 574 606
568 600 601 598 602
568 508 540 572 509
596 536 568 600 537
564 504 536 568 505
409 441 410 411 415
377 409 378 379 383
409 410 442 474 478
408 409 441 473 477
344 345 377 409 413
340 341 373 405 409
409 413 410 379 411
405 409 406 375 407
408 412 409 378 410
409 441 473 413 474
377 409 441 381 442
345 377 409 349 410
405 437 469 409 470
344 376 408 348 409
409 402 434 406 410
412 405 437 409 413
408 401 433 405 409
404 405 409 381 413
432 433 437 409 441
400 401 405 377 409
373 405 409 413 414
369 401 405 409 410
368 400 404 408 409
401 405 409 441 402
369 373 377 409 370
409 413 414 415 447
405 409 410 411 443
404 408 409 410 442
409 342 346 378 410
472 405 409 441 473
408 341 345 377 409
409 441 442 439 443
377 409 410 407 411
376 408 409 406 410
409 349 381 413 350
469 409 441 473 410
437 377 409 441 378
405 345 377 409 346
56 88 57 58 62
58 90 122 62 123
61 54 86 58 62
85 86 90 62 94
53 54 58 30 62
21 53 57 61 62
54 58 62 94 55
22 26 30 62 23
56 60 61 62 94
125 58 62 94 126
93 26 30 62 94
90 30 62 94 31
205 237 206 207 211
173 205 174 175 179
205 206 238 270 274
204 205 237 269 273
172 173 205 237 241
140 141 173 205 209
136 137 169 201 205
205 209 206 175 207
201 205 202 171 203
204 208 205 174 206
205 237 269 209 270
173 205 237 177 238
141 173 205 145 206
201 233 265 205 266
140 172 204 144 205
205 198 230 202 206
212 205 237 209 213
180 173 205 177 181
208 201 233 205 209
204 197 229 201 205
205 206 210 182 214
204 205 209 181 213
228 229 233 205 237
196 197 201 173 205
205 237 241 245 246
173 205 209 213 214
169 201 205 209 210
165 197 201 205 206
205 209 213 245 206
201 205 209 241 202
197 201 205 237 198
165 169 173 205 166
204 208 212 244 205
205 209 210 211 243
201 205 206 207 239
205 138 142 174 206
272 205 209 241 273
268 201 205 237 269
204 137 141 173 205
205 237 238 235 239
173 205 206 203 207
172 204 205 202 206
205 145 177 209 146
265 205 237 269 206
233 173 205 237 174
201 141 173 205 142
344 376 345 346 350
346 378 410 350 411
349 342 374 346 350
373 374 378 350 382
341 342 346 318 350
309 341 345 349 350
342 346 350 382 343
310 314 318 350 311
344 348 349 350 382
312 316 317 318 350
413 346 350 382 414
381 314 318 350 382
349 282 286 318 350
316 348 349 346 350
378 318 350 382 319
346 286 318 350 287
269 301 270 271 275
265 297 266 267 271
270 271 303 335 339
238 239 271 303 307
206 207 239 271 275
202 203 235 267 271
301 305 302 271 303
269 273 270 239 271
206 238 270 210 271
278 271 303 275 279
246 239 271 243 247
274 267 299 271 275
270 263 295 267 271
270 271 275 247 279
266 267 271 243 275
294 295 299 271 303
262 263 267 239 271
230 262 266 270 271
270 274 278 310 271
265 269 270 271 303
233 237 238 239 271
338 271 275 307 339
334 267 271 303 335
302 235 239 271 303
270 203 207 239 271
241 273 274 271 275
237 269 270 267 271
330 270 302 334 271
493 525 494 495 499
461 493 462 463 467
492 524 493 494 498
493 494 526 558 562
492 493 525 557 561
460 461 493 525 529
428 429 461 493 497
493 497 494 463 495
492 496 493 462 494
493 525 557 497 558
461 493 525 465 526
429 461 493 433 494
428 460 492 432 493
493 486 518 490 494
500 493 525 497 501
468 461 493 465 469
493 494 498 470 502
492 493 497 469 501
516 517 521 493 525
493 525 529 533 534
461 493 497 501 502
493 497 501 533 494
453 457 461 493 454
492 496 500 532 493
493 497 498 499 531
560 493 497 529 561
524 457 461 493 525
492 425 429 461 493
493 525 526 523 527
461 493 494 491 495
460 492 493 490 494
493 433 465 497 434
553 493 525 557 494
521 461 493 525 462
552 492 524 556 493
629 630 634 606 638
598 630 634 638 639
597 629 633 637 638
598 602 606 638 599
600 604 605 606 638
638 571 575 607 639
637 570 574 606 638
605 637 638 635 639
604 636 637 634 638
634 574 606 638 575
40 72 41 42 46
8 40 9 10 14
40 41 73 105 109
40 44 41 10 42
36 40 37 6 38
40 72 104 44 105
8 40 72 12 73
36 68 100 40 101
40 41 45 17 49
40 72 76 80 81
8 40 44 48 49
4 36 40 44 45
0 32 36 40 41
40 44 48 80 41
36 40 44 76 37
0 4 8 40 1
40 44 45 46 78
36 40 41 42 74
40 72 73 70 74
8 40 41 38 42
100 40 72 104 41
68 8 40 72 9
557 589 558 559 563
494 495 527 559 563
557 561 558 527 559
494 526 558 498 559
534 527 559 531 535
558 559 563 535 567
518 550 554 558 559
558 562 566 598 559
521 525 526 527 559
626 559 563 595 627
558 491 495 527 559
529 561 562 559 563
618 558 590 622 559
328 360 329 330 334
296 328 297 298 302
328 329 361 393 397
328 332 329 298 330
324 328 325 294 326
328 360 392 332 393
296 328 360 300 361
264 296 328 268 329
324 356 388 328 389
328 321 353 325 329
328 329 333 305 337
328 360 364 368 369
296 328 332 336 337
292 324 328 332 333
288 320 324 328 329
328 332 336 368 329
324 328 332 364 325
320 324 328 360 321
288 292 296 328 289
328 332 333 334 366
324 328 329 330 362
328 261 265 297 329
328 360 361 358 362
296 328 329 326 330
328 268 300 332 269
388 328 360 392 329
356 296 328 360 297
324 264 296 328 265
584 616 585 586 590
616 620 617 586 618
612 616 613 582 614
552 584 616 556 617
616 617 621 593 625
584 616 620 624 625
580 612 616 620 621
576 608 612 616 617
576 580 584 616 577
616 549 553 585 617
584 616 617 614 618
616 556 588 620 557
612 552 584 616 553
570 571 603 635 639
566 567 599 631 635
633 637 634 603 635
570 602 634 574 635
630 631 635 607 639
626 627 631 603 635
594 626 630 634 635
597 601 602 603 635
634 567 571 603 635
601 633 634 631 635
225 257 226 227 231
224 256 225 226 230
226 227 259 291 295
161 162 194 226 230
225 229 226 195 227
224 228 225 194 226
162 194 226 166 227
161 193 225 165 226
201 194 226 198 202
226 227 231 203 235
225 226 230 202 234
194 226 230 234 235
226 230 234 266 227
225 229 233 265 226
293 226 230 262 294
196 228 229 226 230
226 166 198 230 167
185 217 186 187 191
122 123 155 187 191
190 183 215 187 191
182 183 187 159 191
150 182 186 190 191
190 123 127 159 191
513 545 514 515 519
512 544 513 514 518
514 515 547 579 583
449 450 482 514 518
513 517 514 483 515
512 516 513 482 514
450 482 514 454 515
449 481 513 453 514
514 515 519 491 523
513 514 518 490 522
482 514 518 522 523
514 518 522 554 515
513 517 521 553 514
581 514 518 550 582
484 516 517 514 518
514 454 486 518 455
41 73 42 43 47
9 41 10 11 15
41 42 74 106 110
41 45 42 11 43
37 41 38 7 39
41 73 105 45 106
9 41 73 13 74
37 69 101 41 102
41 34 66 38 42
48 41 73 45 49
16 9 41 13 17
44 37 69 41 45
36 37 41 13 45
64 65 69 41 73
9 41 45 49 50
5 37 41 45 46
41 45 49 81 42
1 5 9 41 2
41 45 46 47 79
37 41 42 43 75
104 37 41 73 105
72 5 9 41 73
41 73 74 71 75
9 41 42 39 43
101 41 73 105 42
69 9 41 73 10
105 137 106 107 111
101 133 102 103 107
106 107 139 171 175
42 43 75 107 111
38 39 71 103 107
137 141 138 107 139
105 109 106 75 107
42 74 106 46 107
114 107 139 111 115
82 75 107 79 83
110 103 135 107 111
106 107 111 83 115
102 103 107 79 111
130 131 135 107 139
106 110 114 146 107
101 105 106 107 139
69 73 74 75 107
170 103 107 139 171
138 71 75 107 139
106 39 43 75 107
73 105 106 103 107
166 106 138 170 107
329 361 330 331 335
297 329 298 299 303
329 330 362 394 398
264 265 297 329 333
260 261 293 325 329
329 333 330 299 331
325 329 326 295 327
329 361 393 333 394
297 329 361 301 362
265 297 329 269 330
325 357 389 329 390
329 322 354 326 330
336 329 361 333 337
304 297 329 301 305
332 325 357 329 333
324 325 329 301 333
352 353 357 329 361
320 321 325 297 329
297 329 333 337 338
293 325 329 333 334
289 321 325 329 330
329 333 337 369 330
321 325 329 361 322
289 293 297 329 290
329 333 334 335 367
325 329 330 331 363
329 262 266 298 330
392 325 329 361 393
360 293 297 329 361
329 361 362 359 363
297 329 330 327 331
329 269 301 333 270
389 329 361 393 330
357 297 329 361 298
325 265 297 329 266
393 425 394 395 399
389 421 390 391 395
394 395 427 459 463
330 331 363 395 399
326 327 359 391 395
425 429 426 395 427
393 397 394 363 395
330 362 394 334 395
402 395 427 399 403
370 363 395 367 371
398 391 423 395 399
394 387 419 391 395
394 395 399 371 403
390 391 395 367 399
418 419 423 395 427
394 398 402 434 395
389 393 394 395 427
357 361 362 363 395
458 391 395 427 459
426 359 363 395 427
394 327 331 363 395
361 393 394 391 395
454 394 426 458 395
552 553 585 617 621
548 549 581 613 617
617 621 618 587 619
613 617 614 583 615
553 585 617 557 618
592 585 617 589 593
617 618 622 594 626
612 613 617 589 621
608 609 613 585 617
585 617 621 625 626
581 613 617 621 622
577 609 613 617 618
577 581 585 617 578
617 550 554 586 618
585 617 618 615 619
617 557 589 621 558
613 553 585 617 554
268 300 269 270 274
264 296 265 266 270
269 270 302 334 338
201 202 234 266 270
300 304 301 270 302
268 272 269 238 270
270 302 334 274 335
238 270 302 242 303
266 298 330 270 331
277 270 302 274 278
245 238 270 242 246
273 266 298 270 274
269 262 294 266 270
269 270 274 246 278
265 266 270 242 274
293 294 298 270 302
261 262 266 238 270
238 270 274 278 279
234 266 270 274 275
229 261 265 269 270
262 266 270 302 263
230 234 238 270 231
269 273 277 309 270
264 268 269 270 302
333 266 270 302 334
301 234 238 270 302
269 202 206 238 270
240 272 273 270 274
270 210 242 274 211
298 238 270 302 239
266 206 238 270 207
88 120 89 90 94
116 120 117 86 118
116 148 180 120 181
84 116 120 124 125
116 120 124 156 117
80 84 88 120 81
120 124 125 126 158
120 60 92 124 61
116 56 88 120 57
556 588 557 558 562
552 584 553 554 558
557 558 590 622 626
525 526 558 590 594
588 592 589 558 590
556 560 557 526 558
558 590 622 562 623
554 586 618 558 619
565 558 590 562 566
533 526 558 530 534
561 554 586 558 562
557 550 582 554 558
557 558 562 534 566
553 554 558 530 562
581 582 586 558 590
549 550 554 526 558
558 590 594 598 599
526 558 562 566 567
522 554 558 562 563
517 549 553 557 558
550 554 558 590 551
518 522 526 558 519
557 561 565 597 558
552 556 557 558 590
520 524 525 526 558
625 558 562 594 626
621 554 558 590 622
589 522 526 558 590
557 490 494 526 558
528 560 561 558 562
524 556 557 554 558
558 498 530 562 499
586 526 558 590 527
554 494 526 558 495
376 408 377 378 382
404 408 405 374 406
404 436 468 408 469
372 404 408 412 413
404 408 412 444 405
368 372 376 408 369
408 412 413 414 446
408 348 380 412 349
404 344 376 408 345
249 250 282 314 318
184 185 217 249 253
180 181 213 245 249
249 253 250 219 251
245 249 246 215 247
248 252 249 218 250
185 217 249 189 250
245 277 309 249 310
184 216 248 188 249
249 242 274 246 250
252 245 277 249 253
248 241 273 245 249
244 245 249 221 253
240 241 245 217 249
213 245 249 253 254
209 241 245 249 250
208 240 244 248 249
209 213 217 249 210
249 253 254 255 287
245 249 250 251 283
244 248 249 250 282
249 182 186 218 250
248 181 185 217 249
217 249 250 247 251
216 248 249 246 250
249 189 221 253 190
245 185 217 249 186
537 538 570 602 606
472 473 505 537 541
468 469 501 533 537
537 541 538 507 539
533 537 534 503 535
536 540 537 506 538
473 505 537 477 538
533 565 597 537 598
472 504 536 476 537
537 530 562 534 538
540 533 565 537 541
536 529 561 533 537
532 533 537 509 541
528 529 533 505 537
501 533 537 541 542
497 529 533 537 538
496 528 532 536 537
533 537 541 573 534
497 501 505 537 498
537 541 542 543 575
533 537 538 539 571
532 536 537 538 570
537 470 474 506 538
604 537 541 573 605
536 469 473 505 537
505 537 538 535 539
504 536 537 534 538
537 477 509 541 478
533 473 505 537 474
13 45 14 15 19
44 76 45 46 50
45 46 78 110 114
45 49 46 15 47
44 48 45 14 46
45 38 70 42 46
20 13 45 17 21
45 46 50 22 54
44 45 49 21 53
13 45 49 53 54
45 49 53 85 46
5 9 13 45 6
44 48 52 84 45
45 49 50 51 83
112 45 49 81 113
13 45 46 43 47
12 44 45 42 46
184 216 185 186 190
186 218 250 190 251
189 182 214 186 190
181 182 186 158 190
149 181 185 189 190
150 154 158 190 151
189 122 126 158 190
156 188 189 186 190
186 126 158 190 127
109 141 110 111 115
46 47 79 111 115
109 113 110 79 111
46 78 110 50 111
86 79 111 83 87
110 111 115 87 119
70 102 106 110 111
110 114 118 150 111
110 43 47 79 111
81 113 114 111 115
170 110 142 174 111
472 504 473 474 478
474 506 538 478 539
478 471 503 475 479
477 470 502 474 478
469 470 474 446 478
438 470 474 478 479
437 469 473 477 478
438 442 446 478 439
478 411 415 447 479
477 410 414 446 478
444 476 477 474 478
474 414 446 478 415
397 429 398 399 403
334 335 367 399 403
397 401 398 367 399
334 366 398 338 399
374 367 399 371 375
398 399 403 375 407
358 390 394 398 399
398 402 406 438 399
398 331 335 367 399
369 401 402 399 403
136 168 137 138 142
168 169 201 233 237
168 172 169 138 170
164 168 165 134 166
164 196 228 168 229
168 161 193 165 169
168 169 173 145 177
136 168 172 176 177
132 164 168 172 173
128 160 164 168 169
168 172 176 208 169
164 168 172 204 165
128 132 136 168 129
168 172 173 174 206
164 168 169 170 202
168 101 105 137 169
136 168 169 166 170
164 104 136 168 105
181 213 182 183 187
186 187 219 251 255
118 119 151 183 187
217 221 218 187 219
185 189 186 155 187
122 154 186 126 187
186 179 211 183 187
210 211 215 187 219
181 185 186 187 219
149 153 154 155 187
250 183 187 219 251
218 151 155 187 219
186 119 123 155 187
153 185 186 183 187
246 186 218 250 187
456 460 457 426 458
452 456 453 422 454
452 484 516 456 517
456 449 481 453 457
456 457 461 433 465
424 456 460 464 465
420 452 456 460 461
416 448 452 456 457
456 460 464 496 457
452 456 460 492 453
416 420 424 456 417
456 460 461 462 494
452 456 457 458 490
456 389 393 425 457
424 456 457 454 458
452 392 424 456 393
473 505 474 475 479
469 501 470 471 475
474 475 507 539 543
410 411 443 475 479
406 407 439 471 475
505 509 506 475 507
473 477 474 443 475
410 442 474 414 475
474 467 499 471 475
470 471 475 447 479
498 499 503 475 507
469 473 474 475 507
437 441 442 443 475
538 471 475 507 539
506 439 443 475 507
474 407 411 443 475
441 473 474 471 475
534 474 506 538 475
65 97 66 67 71
64 96 65 66 70
1 2 34 66 70
65 69 66 35 67
64 68 65 34 66
2 34 66 6 67
66 67 71 43 75
65 66 70 42 74
34 66 70 74 75
66 70 74 106 67
65 69 73 105 66
133 66 70 102 134
36 68 69 66 70
66 6 38 70 7
244 276 245 246 250
212 244 213 214 218
244 245 277 309 313
244 248 245 214 246
240 244 241 210 242
244 276 308 248 309
212 244 276 216 277
180 212 244 184 245
240 272 304 244 305
244 237 269 241 245
212 244 248 252 253
244 248 252 284 245
240 244 245 246 278
244 177 181 213 245
244 276 277 274 278
212 244 245 242 246
244 184 216 248 185
304 244 276 308 245
272 212 244 276 213
240 180 212 244 181
421 453 422 423 427
420 452 421 422 426
421 422 454 486 490
388 389 421 453 457
356 357 389 421 425
352 353 385 417 421
421 425 422 391 423
417 421 418 387 419
420 424 421 390 422
421 453 485 425 486
389 421 453 393 454
357 389 421 361 422
417 449 481 421 482
356 388 420 360 421
428 421 453 425 429
424 417 449 421 425
420 421 425 397 429
416 417 421 393 425
421 453 457 461 462
385 417 421 425 426
421 425 429 461 422
417 421 425 457 418
420 424 428 460 421
421 425 426 427 459
417 421 422 423 455
416 420 421 422 454
421 354 358 390 422
484 417 421 453 485
452 385 389 421 453
420 353 357 389 421
421 453 454 451 455
389 421 422 419 423
388 420 421 418 422
421 361 393 425 362
481 421 453 485 422
449 389 421 453 390
417 357 389 421 358
480 420 452 484 421
532 564 533 534 538
500 532 501 502 506
532 533 565 597 601
532 536 533 502 534
528 532 529 498 530
532 564 596 536 597
500 532 564 504 565
468 500 532 472 533
528 560 592 532 593
532 525 557 529 533
500 532 536 540 541
492 524 528 532 533
532 536 540 572 533
524 528 532 564 525
528 532 533 534 566
532 465 469 501 533
532 564 565 562 566
500 532 533 530 534
532 472 504 536 473
592 532 564 596 533
560 500 532 564 501
528 468 500 532 469
169 201 170 171 175
169 170 202 234 238
104 105 137 169 173
100 101 133 165 169
169 173 170 139 171
165 169 166 135 167
169 201 233 173 234
137 169 201 141 202
105 137 169 109 170
165 197 229 169 230
169 162 194 166 170
176 169 201 173 177
144 137 169 141 145
172 165 197 169 173
164 165 169 141 173
192 193 197 169 201
160 161 165 137 169
133 165 169 173 174
129 161 165 169 170
169 173 177 209 170
161 165 169 201 162
129 133 137 169 130
169 173 174 175 207
165 169 170 171 203
169 102 106 138 170
232 165 169 201 233
169 201 202 199 203
137 169 170 167 171
169 109 141 173 110
229 169 201 233 170
197 137 169 201 138
165 105 137 169 106
233 265 234 235 239
229 261 230 231 235
234 235 267 299 303
170 171 203 235 239
166 167 199 231 235
265 269 266 235 267
233 237 234 203 235
170 202 234 174 235
242 235 267 239 243
210 203 235 207 211
238 231 263 235 239
234 227 259 231 235
234 235 239 211 243
230 231 235 207 239
234 238 242 274 235
229 233 234 235 267
197 201 202 203 235
298 231 235 267 299
266 199 203 235 267
234 167 171 203 235
201 233 234 231 235
294 234 266 298 235
457 458 490 522 526
392 393 425 457 461
457 461 458 427 459
453 457 454 423 455
393 425 457 397 458
453 485 517 457 518
457 450 482 454 458
432 425 457 429 433
460 453 485 457 461
452 453 457 429 461
448 449 453 425 457
417 449 453 457 458
457 461 465 497 458
457 461 462 463 495
453 457 458 459 491
457 390 394 426 458
425 457 458 455 459
457 397 429 461 398
453 393 425 457 394
521 553 522 523 527
517 549 518 519 523
458 459 491 523 527
454 455 487 519 523
521 525 522 491 523
458 490 522 462 523
498 491 523 495 499
526 519 551 523 527
522 515 547 519 523
522 523 527 499 531
518 519 523 495 527
522 526 530 562 523
522 455 459 491 523
582 522 554 586 523
104 136 105 106 110
140 144 141 110 142
110 142 174 114 175
106 138 170 110 171
117 110 142 114 118
85 78 110 82 86
113 106 138 110 114
109 102 134 106 110
109 110 114 86 118
105 106 110 82 114
133 134 138 110 142
101 102 106 78 110
110 142 146 150 151
78 110 114 118 119
74 106 110 114 115
69 101 105 109 110
102 106 110 142 103
70 74 78 110 71
109 113 117 149 110
173 106 110 142 174
141 74 78 110 142
109 42 46 78 110
80 112 113 110 114
110 50 82 114 51
138 78 110 142 79
106 46 78 110 47
392 424 393 394 398
333 334 366 398 402
394 426 458 398 459
373 366 398 370 374
401 394 426 398 402
397 390 422 394 398
397 398 402 374 406
393 394 398 370 402
389 390 394 366 398
366 398 402 406 407
362 394 398 402 403
357 389 393 397 398
358 362 366 398 359
397 401 405 437 398
397 330 334 366 398
368 400 401 398 402
398 338 370 402 339
394 334 366 398 335
208 212 216 248 209
248 252 253 254 286
248 188 220 252 189
89 90 122 154 158
24 25 57 89 93
20 21 53 85 89
89 93 90 59 91
85 89 86 55 87
88 92 89 58 90
25 57 89 29 90
85 117 149 89 150
89 82 114 86 90
92 85 117 89 93
88 81 113 85 89
84 85 89 61 93
80 81 85 57 89
53 85 89 93 94
49 81 85 89 90
48 80 84 88 89
85 89 93 125 86
49 53 57 89 50
89 93 94 95 127
85 89 90 91 123
84 88 89 90 122
89 22 26 58 90
88 21 25 57 89
57 89 90 87 91
56 88 89 86 90
89 29 61 93 30
85 25 57 89 26
496 500 504 536 497
536 540 541 542 574
536 476 508 540 477
377 378 410 442 446
312 313 345 377 381
308 309 341 373 377
377 381 378 347 379
373 377 374 343 375
376 380 377 346 378
313 345 377 317 378
373 405 437 377 438
312 344 376 316 377
377 370 402 374 378
380 373 405 377 381
376 369 401 373 377
372 373 377 349 381
368 369 373 345 377
341 373 377 381 382
337 369 373 377 378
336 368 372 376 377
373 377 381 413 374
337 341 345 377 338
377 381 382 383 415
373 377 378 379 411
372 376 377 378 410
377 310 314 346 378
376 309 313 345 377
345 377 378 375 379
344 376 377 374 378
377 317 349 381 318
373 313 345 377 314
24 56 25 26 30
26 58 90 30 91
30 23 55 27 31
29 22 54 26 30
501 533 502 503 507
501 502 534 566 570
436 437 469 501 505
432 433 465 497 501
501 505 502 471 503
497 501 498 467 499
500 504 501 470 502
501 533 565 505 566
469 501 533 473 534
437 469 501 441 502
497 529 561 501 562
501 494 526 498 502
508 501 533 505 509
476 469 501 473 477
504 497 529 501 505
500 501 505 477 509
496 497 501 473 505
524 525 529 501 533
465 497 501 505 506
460 492 496 500 501
501 505 509 541 502
461 465 469 501 462
500 504 508 540 501
501 505 506 507 539
497 501 502 503 535
496 500 501 502 534
501 434 438 470 502
564 497 501 533 565
500 433 437 469 501
501 533 534 531 535
469 501 502 499 503
468 500 501 498 502
501 441 473 505 442
561 501 533 565 502
529 469 501 533 470
497 437 469 501 438
565 597 566 567 571
561 593 562 563 567
534 535 567 599 603
502 503 535 567 571
498 499 531 563 567
597 601 598 567 599
502 534 566 506 567
574 567 599 571 575
542 535 567 539 543
570 563 595 567 571
566 567 571 543 575
562 563 567 539 571
566 570 574 606 567
561 565 566 567 599
529 533 534 535 567
630 563 567 599 631
598 531 535 567 599
566 499 503 535 567
533 565 566 563 567
626 566 598 630 567
312 344 313 314 318
314 346 378 318 379
318 311 343 315 319
317 310 342 314 318
309 310 314 286 318
278 310 314 318 319
277 309 313 317 318
278 282 286 318 279
318 251 255 287 319
317 250 254 286 318
284 316 317 314 318
314 254 286 318 255
452 484 453 454 458
452 453 485 517 521
448 452 449 418 450
420 452 484 424 485
388 420 452 392 453
448 480 512 452 513
448 452 453 454 486
452 484 485 482 486
420 452 453 450 454
512 452 484 516 453
448 388 420 452 389
4 36 68 8 69
8 12 16 48 9
4 8 12 44 5
8 12 13 14 46
4 8 9 10 42
25 57 26 27 31
21 53 22 23 27
26 27 59 91 95
57 61 58 27 59
26 19 51 23 27
50 51 55 27 59
21 25 26 27 59
90 23 27 59 91
86 26 58 90 27
313 345 314 315 319
309 341 310 311 315
314 315 347 379 383
250 251 283 315 319
246 247 279 311 315
345 349 346 315 347
313 317 314 283 315
250 282 314 254 315
314 307 339 311 315
310 311 315 287 319
338 339 343 315 347
309 313 314 315 347
378 311 315 347 379
346 279 283 315 347
314 247 251 283 315
374 314 346 378 315
84 116 85 86 90
52 84 53 54 58
84 85 117 149 153
84 88 85 54 86
80 84 81 50 82
84 116 148 88 149
52 84 116 56 117
20 52 84 24 85
80 112 144 84 145
52 84 88 92 93
44 76 80 84 85
84 88 92 124 85
80 84 85 86 118
84 17 21 53 85
84 116 117 114 118
52 84 85 82 86
84 24 56 88 25
144 84 116 148 85
112 52 84 116 53
80 20 52 84 21
601 633 602 603 607
597 629 598 599 603
538 539 571 603 607
601 605 602 571 603
538 570 602 542 603
606 599 631 603 607
602 595 627 599 603
598 599 603 575 607
594 595 599 571 603
562 594 598 602 603
602 535 539 571 603
573 605 606 603 607
261 293 262 263 267
260 292 261 262 266
261 262 294 326 330
228 229 261 293 297
196 197 229 261 265
192 193 225 257 261
261 265 262 231 263
260 264 261 230 262
261 293 325 265 326
229 261 293 233 294
197 229 261 201 262
257 289 321 261 322
268 261 293 265 269
264 257 289 261 265
260 261 265 237 269
256 257 261 233 265
261 293 297 301 302
225 257 261 265 266
261 265 269 301 262
260 264 268 300 261
261 265 266 267 299
257 261 262 263 295
256 260 261 262 294
261 194 198 230 262
324 257 261 293 325
292 225 229 261 293
260 193 197 229 261
261 293 294 291 295
229 261 262 259 263
261 201 233 265 202
321 261 293 325 262
289 229 261 293 230
257 197 229 261 198
320 260 292 324 261
372 404 373 374 378
340 372 341 342 346
372 373 405 437 441
372 376 373 342 374
368 372 369 338 370
372 404 436 376 437
340 372 404 344 405
308 340 372 312 373
368 400 432 372 433
340 372 376 380 381
332 364 368 372 373
372 376 380 412 373
332 336 340 372 333
368 372 373 374 406
372 305 309 341 373
372 404 405 402 406
340 372 373 370 374
372 312 344 376 313
432 372 404 436 373
400 340 372 404 341
368 308 340 372 309
548 580 549 550 554
549 550 582 614 618
516 517 549 581 585
484 485 517 549 553
480 481 513 545 549
549 553 550 519 551
548 552 549 518 550
549 581 613 553 614
517 549 581 521 582
545 577 609 549 610
556 549 581 553 557
524 517 549 521 525
552 545 577 549 553
548 549 553 525 557
544 545 549 521 553
549 581 585 589 590
513 545 549 553 554
549 553 557 589 550
548 552 556 588 549
545 549 550 551 583
544 548 549 550 582
549 482 486 518 550
612 545 549 581 613
580 513 517 549 581
548 481 485 517 549
549 581 582 579 583
517 549 550 547 551
609 549 581 613 550
577 517 549 581 518
545 485 517 549 486
608 548 580 612 549
201 233 202 203 207
196 228 197 198 202
137 138 170 202 206
133 134 166 198 202
202 234 266 206 267
138 170 202 142 203
198 230 262 202 263
202 195 227 199 203
209 202 234 206 210
202 203 207 179 211
197 198 202 174 206
193 194 198 170 202
202 234 238 242 243
170 202 206 210 211
166 198 202 206 207
162 194 198 202 203
161 193 197 201 202
202 206 210 242 203
198 202 206 238 199
194 198 202 234 195
162 166 170 202 163
202 135 139 171 203
265 198 202 234 266
233 166 170 202 234
201 134 138 170 202
262 202 234 266 203
230 170 202 234 171
198 138 170 202 139
9 10 42 74 78
5 37 69 9 70
9 2 34 6 10
12 5 37 9 13
9 13 17 49 10
9 13 14 15 47
5 9 10 11 43
484 516 485 486 490
425 426 458 490 494
520 524 521 490 522
486 518 550 490 551
490 483 515 487 491
497 490 522 494 498
490 491 495 467 499
485 486 490 462 494
481 482 486 458 490
490 522 526 530 531
458 490 494 498 499
454 486 490 494 495
450 482 486 490 491
490 494 498 530 491
486 490 494 526 487
482 486 490 522 483
450 454 458 490 451
490 423 427 459 491
553 486 490 522 554
521 454 458 490 522
550 490 522 554 491
518 458 490 522 459
486 426 458 490 427
73 105 74 75 79
69 101 70 71 75
10 11 43 75 79
6 7 39 71 75
10 42 74 14 75
50 43 75 47 51
78 71 103 75 79
74 75 79 51 83
70 71 75 47 79
74 78 82 114 75
74 7 11 43 75
134 74 106 138 75
297 298 330 362 366
232 233 265 297 301
297 301 298 267 299
293 297 294 263 295
296 300 297 266 298
233 265 297 237 298
293 325 357 297 358
297 290 322 294 298
272 265 297 269 273
300 293 325 297 301
296 289 321 293 297
296 297 301 273 305
292 293 297 269 301
288 289 293 265 297
257 289 293 297 298
256 288 292 296 297
297 301 305 337 298
293 297 301 333 294
296 300 304 336 297
297 301 302 303 335
293 297 298 299 331
292 296 297 298 330
297 230 234 266 298
296 229 233 265 297
265 297 298 295 299
264 296 297 294 298
297 237 269 301 238
293 233 265 297 234
361 393 362 363 367
357 389 358 359 363
298 299 331 363 367
294 295 327 359 363
298 330 362 302 363
338 331 363 335 339
366 359 391 363 367
362 355 387 359 363
362 363 367 339 371
358 359 363 335 367
354 355 359 331 363
322 354 358 362 363
362 366 370 402 363
362 295 299 331 363
422 362 394 426 363
520 521 553 585 589
581 585 582 551 583
584 588 585 554 586
521 553 585 525 586
520 552 584 524 585
585 578 610 582 586
560 553 585 557 561
588 581 613 585 589
584 577 609 581 585
585 586 590 562 594
584 585 589 561 593
580 581 585 557 589
576 577 581 553 585
553 585 589 593 594
545 577 581 585 586
544 576 580 584 585
585 589 593 625 586
581 585 589 621 582
584 588 592 624 585
581 585 586 587 619
580 584 585 586 618
585 518 522 554 586
584 517 521 553 585
553 585 586 583 587
552 584 585 582 586
585 525 557 589 526
581 521 553 585 522
237 269 238 239 243
232 264 233 234 238
173 174 206 238 242
237 241 238 207 239
234 266 298 238 299
213 206 238 210 214
241 234 266 238 242
237 230 262 234 238
238 239 243 215 247
237 238 242 214 246
233 234 238 210 242
229 230 234 206 238
206 238 242 246 247
198 230 234 238 239
197 229 233 237 238
238 242 246 278 239
237 241 245 277 238
238 171 175 207 239
237 170 174 206 238
208 240 241 238 242
234 174 206 238 175
48 52 56 88 49
88 92 93 94 126
525 557 526 527 531
524 556 525 526 530
520 552 521 522 526
461 462 494 526 530
525 529 526 495 527
524 528 525 494 526
522 554 586 526 587
529 522 554 526 530
525 518 550 522 526
526 527 531 503 535
525 526 530 502 534
521 522 526 498 530
517 518 522 494 526
494 526 530 534 535
486 518 522 526 527
485 517 521 525 526
526 530 534 566 527
525 529 533 565 526
526 459 463 495 527
593 526 530 562 594
525 458 462 494 526
496 528 529 526 530
492 524 525 522 526
522 462 494 526 463
341 373 342 343 347
341 342 374 406 410
276 277 309 341 345
272 273 305 337 341
341 345 342 311 343
337 341 338 307 339
340 344 341 310 342
341 373 405 345 406
309 341 373 313 374
337 369 401 341 402
341 334 366 338 342
348 341 373 345 349
316 309 341 313 317
344 337 369 341 345
340 341 345 317 349
336 337 341 313 345
332 333 337 309 341
305 337 341 345 346
301 333 337 341 342
300 332 336 340 341
341 345 349 381 342
333 337 341 373 334
301 305 309 341 302
340 344 348 380 341
341 345 346 347 379
337 341 342 343 375
336 340 341 342 374
341 274 278 310 342
404 337 341 373 405
340 273 277 309 341
341 373 374 371 375
309 341 342 339 343
308 340 341 338 342
401 341 373 405 342
369 309 341 373 310
337 277 309 341 278
405 437 406 407 411
401 433 402 403 407
374 375 407 439 443
342 343 375 407 411
338 339 371 403 407
437 441 438 407 439
342 374 406 346 407
414 407 439 411 415
382 375 407 379 383
410 403 435 407 411
406 407 411 383 415
402 403 407 379 411
406 410 414 446 407
401 405 406 407 439
369 373 374 375 407
470 403 407 439 471
438 371 375 407 439
406 339 343 375 407
373 405 406 403 407
154 186 218 158 219
158 151 183 155 159
149 150 154 126 158
118 150 154 158 159
118 122 126 158 119
158 91 95 127 159
154 94 126 158 95
292 324 293 294 298
292 293 325 357 361
292 296 293 262 294
292 324 356 296 357
260 292 324 264 325
228 260 292 232 293
288 320 352 292 353
260 292 296 300 301
292 296 300 332 293
288 292 293 294 326
292 324 325 322 326
260 292 293 290 294
292 232 264 296 233
352 292 324 356 293
288 228 260 292 229
564 565 597 629 633
560 561 593 625 629
629 633 630 599 631
625 629 626 595 627
628 632 629 598 630
604 597 629 601 605
628 629 633 605 637
624 625 629 601 633
620 621 625 597 629
593 625 629 633 634
589 621 625 629 630
588 620 624 628 629
589 593 597 629 590
629 562 566 598 630
628 561 565 597 629
597 629 630 627 631
596 628 629 626 630
625 565 597 629 566
580 612 581 582 586
580 584 581 550 582
548 580 612 552 613
516 548 580 520 581
548 580 584 588 589
580 584 588 620 581
576 580 581 582 614
580 612 613 610 614
548 580 581 578 582
580 520 552 584 521
576 516 548 580 517
276 308 277 278 282
217 218 250 282 286
213 214 246 278 282
312 316 313 282 314
282 314 346 286 347
278 310 342 282 343
282 275 307 279 283
277 278 282 254 286
273 274 278 250 282
246 278 282 286 287
242 274 278 282 283
274 278 282 314 275
242 246 250 282 243
282 215 219 251 283
345 278 282 314 346
313 246 250 282 314
342 282 314 346 283
310 250 282 314 251
278 218 250 282 219
564 596 565 566 570
505 506 538 570 574
600 604 601 570 602
566 598 630 570 631
573 566 598 570 574
565 566 570 542 574
593 594 598 570 602
561 562 566 538 570
534 566 570 574 575
530 562 566 570 571
562 566 570 602 563
530 534 538 570 531
570 503 507 539 571
633 566 570 602 634
601 534 538 570 602
540 572 573 570 574
630 570 602 634 571
598 538 570 602 539
566 506 538 570 507
153 185 154 155 159
149 181 150 151 155
90 91 123 155 159
86 87 119 151 155
90 122 154 94 155
154 147 179 151 155
150 151 155 127 159
146 147 151 123 155
114 146 150 154 155
154 87 91 123 155
214 154 186 218 155
441 473 442 443 447
437 469 438 439 443
378 379 411 443 447
378 410 442 382 443
446 439 471 443 447
442 435 467 439 443
438 439 443 415 447
434 435 439 411 443
402 434 438 442 443
442 375 379 411 443
502 442 474 506 443
100 132 101 102 106
101 102 134 166 170
68 69 101 133 137
36 37 69 101 105
101 105 102 71 103
100 104 101 70 102
101 133 165 105 166
69 101 133 73 134
97 129 161 101 162
104 97 129 101 105
96 97 101 73 105
101 133 137 141 142
65 97 101 105 106
101 105 109 141 102
97 101 102 103 135
96 100 101 102 134
101 34 38 70 102
164 97 101 133 165
132 65 69 101 133
101 133 134 131 135
161 101 133 165 102
129 69 101 133 70
97 37 69 101 38
160 100 132 164 101
180 212 181 182 186
212 216 213 182 214
208 240 272 212 273
212 213 217 189 221
180 212 216 220 221
176 208 212 216 217
172 204 208 212 213
212 216 220 252 213
172 176 180 212 173
212 216 217 218 250
208 212 213 214 246
212 145 149 181 213
180 212 213 210 214
208 148 180 212 149
388 420 389 390 394
389 390 422 454 458
324 325 357 389 393
320 321 353 385 389
389 393 390 359 391
388 392 389 358 390
385 417 449 389 450
392 385 417 389 393
384 385 389 361 393
353 385 389 393 394
389 393 397 429 390
385 389 390 391 423
384 388 389 390 422
389 322 326 358 390
388 321 325 357 389
357 389 390 387 391
385 325 357 389 326
468 500 469 470 474
496 528 560 500 561
468 500 504 508 509
464 496 500 504 505
460 464 468 500 461
500 504 505 506 538
496 436 468 500 437
36 68 37 38 42
72 76 73 42 74
38 70 102 42 103
42 35 67 39 43
49 42 74 46 50
42 43 47 19 51
37 38 42 14 46
42 74 78 82 83
10 42 46 50 51
6 38 42 46 47
2 34 38 42 43
42 46 50 82 43
38 42 46 78 39
34 38 42 74 35
2 6 10 42 3
105 38 42 74 106
73 6 10 42 74
102 42 74 106 43
70 10 42 74 11
324 356 325 326 330
265 266 298 330 334
360 364 361 330 362
326 358 390 330 391
330 323 355 327 331
337 330 362 334 338
333 326 358 330 334
330 331 335 307 339
325 326 330 302 334
353 354 358 330 362
321 322 326 298 330
330 362 366 370 371
298 330 334 338 339
294 326 330 334 335
290 322 326 330 331
330 334 338 370 331
326 330 334 366 327
322 326 330 362 323
290 294 298 330 291
330 263 267 299 331
393 326 330 362 394
361 294 298 330 362
300 332 333 330 334
390 330 362 394 331
358 298 330 362 299
326 266 298 330 267
72 73 105 137 141
133 137 134 103 135
136 140 137 106 138
133 165 197 137 198
72 104 136 76 137
137 130 162 134 138
112 105 137 109 113
140 133 165 137 141
136 129 161 133 137
137 138 142 114 146
136 137 141 113 145
132 133 137 109 141
128 129 133 105 137
105 137 141 145 146
97 129 133 137 138
96 128 132 136 137
137 141 145 177 138
133 137 141 173 134
136 140 144 176 137
133 137 138 139 171
132 136 137 138 170
137 70 74 106 138
136 69 73 105 137
105 137 138 135 139
104 136 137 134 138
133 73 105 137 74
553 554 586 618 622
593 586 618 590 594
618 619 623 595 627
613 614 618 590 622
609 610 614 586 618
586 618 622 626 627
582 614 618 622 623
578 610 614 618 619
578 582 586 618 579
588 620 621 618 622
197 229 198 199 203
138 139 171 203 207
134 135 167 199 203
206 199 231 203 207
198 199 203 175 207
194 195 199 171 203
72 104 73 74 78
13 14 46 78 82
74 106 138 78 139
53 46 78 50 54
81 74 106 78 82
78 79 83 55 87
73 74 78 50 82
69 70 74 46 78
46 78 82 86 87
38 70 74 78 79
78 82 86 118 79
78 11 15 47 79
145 78 82 114 146
48 80 81 78 82
74 14 46 78 15
550 551 583 615 619
550 582 614 554 615
610 611 615 587 619
577 581 582 583 615
614 547 551 583 615
581 613 614 611 615
360 392 361 362 366
301 302 334 366 370
362 394 426 366 427
369 362 394 366 370
366 367 371 343 375
361 362 366 338 370
357 358 362 334 366
334 366 370 374 375
326 358 362 366 367
366 370 374 406 367
366 299 303 335 367
433 366 370 402 434
336 368 369 366 370
362 302 334 366 303
181 182 214 246 250
148 149 181 213 217
116 117 149 181 185
112 113 145 177 181
181 185 182 151 183
180 184 181 150 182
181 213 245 185 246
149 181 213 153 214
177 209 241 181 242
188 181 213 185 189
184 177 209 181 185
176 177 181 153 185
172 173 177 149 181
145 177 181 185 186
141 173 177 181 182
140 172 176 180 181
181 185 189 221 182
173 177 181 213 174
141 145 149 181 142
180 184 188 220 181
177 181 182 183 215
176 180 181 182 214
181 114 118 150 182
180 113 117 149 181
181 213 214 211 215
149 181 182 179 183
241 181 213 245 182
209 149 181 213 150
177 117 149 181 118
245 277 246 247 251
241 273 242 243 247
214 215 247 279 283
182 183 215 247 251
182 214 246 186 247
254 247 279 251 255
250 243 275 247 251
242 243 247 219 251
246 250 254 286 247
241 245 246 247 279
209 213 214 215 247
310 243 247 279 311
278 211 215 247 279
246 179 183 215 247
213 245 246 243 247
132 164 133 134 138
132 133 165 197 201
132 136 133 102 134
132 164 196 136 197
100 132 164 104 165
68 100 132 72 133
128 160 192 132 193
100 132 136 140 141
132 136 140 172 133
128 132 133 134 166
132 164 165 162 166
100 132 133 130 134
132 72 104 136 73
192 132 164 196 133
128 68 100 132 69
469 470 502 534 538
404 405 437 469 473
400 401 433 465 469
469 473 470 439 471
468 472 469 438 470
465 497 529 469 530
472 465 497 469 473
464 465 469 441 473
460 461 465 437 469
433 465 469 473 474
429 461 465 469 470
428 460 464 468 469
469 473 477 509 470
468 472 476 508 469
465 469 470 471 503
464 468 469 470 502
469 402 406 438 470
468 401 405 437 469
437 469 470 467 471
465 405 437 469 406
533 565 534 535 539
529 561 530 531 535
470 471 503 535 539
470 502 534 474 535
538 531 563 535 539
530 531 535 507 539
534 538 542 574 535
534 467 471 503 535
594 534 566 598 535
416 448 480 420 481
388 420 424 428 429
384 416 420 424 425
420 424 425 426 458
420 360 392 424 361
416 356 388 420 357
116 148 117 118 122
57 58 90 122 126
53 54 86 118 122
118 150 182 122 183
122 115 147 119 123
125 118 150 122 126
117 118 122 94 126
145 146 150 122 154
113 114 118 90 122
86 118 122 126 127
82 114 118 122 123
114 118 122 154 115
82 86 90 122 83
122 55 59 91 123
185 118 122 154 186
153 86 90 122 154
92 124 125 122 126
182 122 154 186 123
150 90 122 154 91
118 58 90 122 59
404 436 405 406 410
345 346 378 410 414
406 438 470 410 471
413 406 438 410 414
405 406 410 382 414
433 434 438 410 442
401 402 406 378 410
374 406 410 414 415
370 402 406 410 411
402 406 410 442 403
370 374 378 410 371
410 343 347 379 411
473 406 410 442 474
441 374 378 410 442
380 412 413 410 414
470 410 442 474 411
438 378 410 442 379
406 346 378 410 347
277 309 278 279 283
218 219 251 283 287
286 279 311 283 287
278 279 283 255 287
274 275 279 251 283
20 52 21 22 26
52 56 53 22 54
48 80 112 52 113
52 53 57 29 61
20 52 56 60 61
16 48 52 56 57
12 44 48 52 53
52 56 60 92 53
12 16 20 52 13
52 56 57 58 90
48 52 53 54 86
20 52 53 50 54
506 507 539 571 575
541 573 574 571 575
228 260 229 230 234
229 230 262 294 298
164 165 197 229 233
160 161 193 225 229
229 233 230 199 231
228 232 229 198 230
225 257 289 229 290
232 225 257 229 233
224 225 229 201 233
193 225 229 233 234
229 233 237 269 230
225 229 230 231 263
224 228 229 230 262
229 162 166 198 230
228 161 165 197 229
197 229 230 227 231
225 165 197 229 166
308 340 309 310 314
336 368 400 340 401
308 340 344 348 349
304 336 340 344 345
336 340 344 376 337
300 304 308 340 301
340 344 345 346 378
336 276 308 340 277
485 517 486 487 491
516 548 517 518 522
517 518 550 582 586
448 449 481 513 517
517 521 518 487 519
516 520 517 486 518
513 545 577 517 578
520 513 545 517 521
481 513 517 521 522
517 521 525 557 518
516 520 524 556 517
513 517 518 519 551
512 516 517 518 550
517 450 454 486 518
516 449 453 485 517
485 517 518 515 519
513 453 485 517 454
596 628 597 598 602
624 628 625 594 626
596 628 632 636 637
592 624 628 632 633
588 592 596 628 589
624 564 596 628 565
164 196 165 166 170
105 106 138 170 174
166 198 230 170 231
170 163 195 167 171
145 138 170 142 146
173 166 198 170 174
170 171 175 147 179
165 166 170 142 174
161 162 166 138 170
134 166 170 174 175
130 162 166 170 171
166 170 174 206 167
130 134 138 170 131
140 172 173 170 174
393 394 426 458 462
454 486 518 458 519
458 451 483 455 459
461 454 486 458 462
458 459 463 435 467
449 450 454 426 458
422 454 458 462 463
418 450 454 458 459
454 458 462 494 455
418 422 426 458 419
428 460 461 458 462
37 69 38 39 43
46 39 71 43 47
38 39 43 15 47
34 35 39 11 43
165 197 166 167 171
161 193 162 163 167
102 103 135 167 171
197 201 198 167 199
102 134 166 106 167
174 167 199 171 175
162 163 167 139 171
161 165 166 167 199
129 133 134 135 167
230 163 167 199 231
198 131 135 167 199
133 165 166 163 167
273 305 274 275 279
272 304 273 274 278
240 241 273 305 309
208 209 241 273 277
273 277 274 243 275
272 276 273 242 274
273 305 337 277 338
209 241 273 213 274
269 301 333 273 334
276 269 301 273 277
268 269 273 245 277
264 265 269 241 273
273 305 309 313 314
237 269 273 277 278
233 265 269 273 274
232 264 268 272 273
265 269 273 305 266
233 237 241 273 234
273 277 278 279 311
269 273 274 275 307
273 206 210 242 274
336 269 273 305 337
304 237 241 273 305
273 213 245 277 214
333 273 305 337 274
301 241 273 305 242
269 209 241 273 210
332 272 304 336 273
453 485 454 455 459
449 481 450 451 455
422 423 455 487 491
390 391 423 455 459
390 422 454 394 455
462 455 487 459 463
450 451 455 427 459
449 453 454 455 487
518 451 455 487 519
486 419 423 455 487
454 387 391 423 455
337 369 338 339 343
274 275 307 339 343
369 373 370 339 371
346 339 371 343 347
342 335 367 339 343
334 335 339 311 343
338 342 346 378 339
333 337 338 339 371
402 335 339 371 403
370 303 307 339 371
305 337 338 335 339
192 224 193 194 198
224 225 257 289 293
224 256 288 228 289
192 224 256 196 257
160 192 224 164 225
224 256 260 264 265
192 224 228 232 233
224 228 232 264 225
224 164 196 228 165
560 592 561 562 566
561 562 594 626 630
528 529 561 593 597
496 497 529 561 565
561 565 562 531 563
560 564 561 530 562
561 593 625 565 626
529 561 593 533 594
557 589 621 561 622
564 557 589 561 565
556 557 561 533 565
552 553 557 529 561
561 593 597 601 602
525 557 561 565 566
521 553 557 561 562
520 552 556 560 561
553 557 561 593 554
521 525 529 561 522
557 561 562 563 595
556 560 561 562 594
561 494 498 530 562
624 557 561 593 625
592 525 529 561 593
621 561 593 625 562
589 529 561 593 530
557 497 529 561 498
620 560 592 624 561
562 563 595 627 631
562 594 626 566 627
622 623 627 599 631
589 593 594 595 627
593 625 626 623 627
480 512 481 482 486
512 513 545 577 581
512 544 576 516 577
480 512 544 484 545
512 544 548 552 553
480 512 516 520 521
512 516 520 552 513
21 22 54 86 90
21 53 85 25 86
17 49 81 21 82
24 17 49 21 25
21 25 29 61 22
13 17 21 53 14
17 21 22 23 55
16 20 21 22 54
21 53 54 51 55
81 21 53 85 22
85 117 86 87 91
81 113 82 83 87
54 55 87 119 123
22 23 55 87 91
22 54 86 26 87
94 87 119 91 95
90 83 115 87 91
82 83 87 59 91
86 90 94 126 87
81 85 86 87 119
49 53 54 55 87
150 83 87 119 151
118 51 55 87 119
86 19 23 55 87
53 85 86 83 87
146 86 118 150 87
309 310 342 374 378
309 313 310 279 311
308 312 309 278 310
305 337 369 309 370
312 305 337 309 313
308 301 333 305 309
300 301 305 277 309
269 301 305 309 310
268 300 304 308 309
309 313 317 349 310
308 312 316 348 309
305 309 310 311 343
304 308 309 310 342
309 242 246 278 310
308 241 245 277 309
277 309 310 307 311
305 245 277 309 246
373 405 374 375 379
369 401 370 371 375
310 311 343 375 379
310 342 374 314 375
378 371 403 375 379
370 371 375 347 379
374 378 382 414 375
374 307 311 343 375
434 374 406 438 375
256 288 320 260 321
228 260 264 268 269
256 260 264 296 257
260 264 265 266 298
256 196 228 260 197
593 597 594 563 595
596 600 597 566 598
597 590 622 594 598
600 593 625 597 601
596 589 621 593 597
597 598 602 574 606
596 597 601 573 605
588 589 593 565 597
565 597 601 605 606
557 589 593 597 598
556 588 592 596 597
597 601 605 637 598
593 597 601 633 594
596 600 604 636 597
593 597 598 599 631
592 596 597 598 630
597 530 534 566 598
596 529 533 565 597
565 597 598 595 599
564 596 597 594 598
593 533 565 597 534
544 576 608 548 609
516 548 552 556 557
544 548 552 584 545
548 552 553 554 586
544 484 516 548 485
185 186 218 250 254
246 278 310 250 311
253 246 278 250 254
241 242 246 218 250
214 246 250 254 255
210 242 246 250 251
210 214 218 250 211
220 252 253 250 254
473 474 506 538 542
534 566 598 538 599
541 534 566 538 542
529 530 534 506 538
502 534 538 542 543
498 530 534 538 539
498 502 506 538 499
605 538 542 574 606
508 540 541 538 542
117 149 118 119 123
58 59 91 123 127
126 119 151 123 127
118 119 123 95 127
114 115 119 91 123
93 125 126 123 127
68 100 69 70 74
69 70 102 134 138
4 5 37 69 73
69 73 70 39 71
68 72 69 38 70
65 97 129 69 130
72 65 97 69 73
65 69 70 71 103
64 68 69 70 102
69 2 6 38 70
68 1 5 37 69
37 69 70 67 71
65 5 37 69 6
148 180 149 150 154
176 208 240 180 241
148 180 184 188 189
144 176 180 184 185
176 180 184 216 177
140 144 148 180 141
180 184 185 186 218
176 116 148 180 117
325 357 326 327 331
356 388 357 358 362
357 358 390 422 426
288 289 321 353 357
357 361 358 327 359
353 357 354 323 355
356 360 357 326 358
353 385 417 357 418
360 353 385 357 361
321 353 357 361 362
353 357 361 393 354
353 357 358 359 391
352 356 357 358 390
357 290 294 326 358
424 357 361 393 425
356 289 293 325 357
325 357 358 355 359
324 356 357 354 358
353 293 325 357 294
304 305 337 369 373
304 336 368 308 369
272 304 336 276 337
272 304 308 312 313
264 296 300 304 305
304 308 312 344 305
264 268 272 304 265
304 336 337 334 338
364 304 336 368 305
300 240 272 304 241
4 36 5 6 10
6 38 70 10 71
10 3 35 7 11
13 6 38 10 14
6 10 14 46 7
481 513 482 483 487
416 417 449 481 485
481 485 482 451 483
480 484 481 450 482
481 485 486 487 519
592 624 593 594 598
592 596 593 562 594
560 592 624 564 625
560 592 596 600 601
552 584 588 592 593
592 596 600 632 593
552 556 560 592 553
588 592 593 594 626
592 624 625 622 626
560 592 593 590 594
588 528 560 592 529
482 483 515 547 551
577 581 578 547 579
233 234 266 298 302
294 326 358 298 359
298 291 323 295 299
301 294 326 298 302
298 299 303 275 307
289 290 294 266 298
262 294 298 302 303
294 298 302 334 295
268 300 301 298 302
5 37 6 7 11
14 7 39 11 15
1 5 6 7 39
70 3 7 39 71
368 400 369 370 374
373 374 406 438 442
374 406 438 378 439
370 402 434 374 435
381 374 406 378 382
369 370 374 346 378
342 374 378 382 383
338 370 374 378 379
334 338 342 374 335
437 370 374 406 438
405 338 342 374 406
402 342 374 406 343
370 310 342 374 311
433 373 405 437 374
113 145 114 115 119
112 144 113 114 118
80 81 113 145 149
48 49 81 113 117
113 117 114 83 115
112 116 113 82 114
81 113 145 85 146
49 81 113 53 114
109 141 173 113 174
116 109 141 113 117
104 105 109 81 113
113 145 149 153 154
73 105 109 113 114
105 109 113 145 106
113 117 118 119 151
109 113 114 115 147
113 46 50 82 114
176 109 113 145 177
113 53 85 117 54
173 113 145 177 114
141 81 113 145 82
109 49 81 113 50
172 112 144 176 113
293 325 294 295 299
289 321 290 291 295
262 263 295 327 331
230 231 263 295 299
230 262 294 234 295
302 295 327 299 303
290 291 295 267 299
289 293 294 295 327
358 291 295 327 359
326 259 263 295 327
294 227 231 263 295
354 294 326 358 295
146 147 179 211 215
114 115 147 179 183
209 213 210 179 211
182 175 207 179 183
174 175 179 151 183
141 145 146 147 179
242 175 179 211 243
64 65 97 129 133
64 96 128 68 129
32 64 96 36 97
0 32 64 4 65
64 96 100 104 105
32 64 68 72 73
64 68 72 104 65
64 4 36 68 5
400 432 401 402 406
368 369 401 433 437
336 337 369 401 405
401 405 402 371 403
400 404 401 370 402
369 401 433 373 434
397 429 461 401 462
404 397 429 401 405
400 393 425 397 401
424 425 429 401 433
392 393 397 369 401
401 433 437 441 442
361 393 397 401 402
393 397 401 433 394
397 401 402 403 435
401 334 338 370 402
464 397 401 433 465
400 333 337 369 401
461 401 433 465 402
429 369 401 433 370
397 337 369 401 338
460 400 432 464 401
581 613 582 583 587
577 609 578 579 583
518 519 551 583 587
518 550 582 522 583
586 579 611 583 587
582 586 590 622 583
582 515 519 551 583
434 435 467 499 503
402 403 435 467 471
470 463 495 467 471
462 463 467 439 471
429 433 434 435 467
530 463 467 499 531
352 384 353 354 358
320 352 321 322 326
352 356 353 322 354
352 384 416 356 417
320 352 384 324 385
352 384 388 392 393
320 352 356 360 361
352 356 360 392 353
149 150 182 214 218
149 153 150 119 151
145 149 146 115 147
145 177 209 149 210
149 142 174 146 150
148 141 173 145 149
140 141 145 117 149
109 141 145 149 150
145 149 153 185 146
145 149 150 151 183
144 148 149 150 182
149 82 86 118 150
216 149 153 185 217
148 81 85 117 149
117 149 150 147 151
116 148 149 146 150
145 85 117 149 86
213 245 214 215 219
209 241 210 211 215
150 151 183 215 219
213 217 214 183 215
150 182 214 154 215
218 211 243 215 219
214 207 239 211 215
206 207 211 183 215
174 206 210 214 215
214 147 151 183 215
185 217 218 215 219
274 214 246 278 215
96 128 160 100 161
96 100 104 136 97
100 104 105 106 138
96 36 68 100 37
436 468 437 438 442
437 438 470 502 506
433 437 434 403 435
433 465 497 437 498
436 429 461 433 437
437 438 442 414 446
428 429 433 405 437
397 429 433 437 438
433 437 441 473 434
433 437 438 439 471
432 436 437 438 470
504 437 441 473 505
436 369 373 405 437
405 437 438 435 439
404 436 437 434 438
497 529 498 499 503
438 439 471 503 507
438 470 502 442 503
506 499 531 503 507
502 495 527 499 503
494 495 499 471 503
462 494 498 502 503
502 435 439 471 503
473 505 506 503 507
562 502 534 566 503
384 416 448 388 449
384 388 392 424 385
388 392 393 394 426
384 324 356 388 325
25 26 58 90 94
86 118 150 90 151
93 86 118 90 94
81 82 86 58 90
54 86 90 94 95
50 82 86 90 91
50 54 58 90 51
60 92 93 90 94
313 314 346 378 382
348 380 381 378 382
144 176 145 146 150
144 145 177 209 213
144 148 145 114 146
144 176 208 148 209
112 144 176 116 177
104 136 140 144 145
112 144 145 142 146
204 144 176 208 145
140 80 112 144 81
321 353 322 323 327
256 257 289 321 325
321 325 322 291 323
320 324 321 290 322
289 321 353 293 354
321 325 326 327 359
432 464 433 434 438
432 436 433 402 434
432 464 496 436 497
400 432 464 404 465
432 464 468 472 473
392 424 428 432 433
428 432 436 468 429
424 428 432 464 425
492 432 464 496 433
428 368 400 432 369
354 355 387 419 423
322 323 355 387 391
73 74 106 138 142
134 166 198 138 199
138 131 163 135 139
141 134 166 138 142
129 130 134 106 138
106 138 142 146 147
134 138 142 174 135
276 308 312 316 317
376 316 348 380 317
312 252 284 316 253
544 545 577 609 613
609 613 610 579 611
608 612 609 578 610
564 596 600 604 605
572 604 605 602 606
632 572 604 636 573
600 540 572 604 541
197 198 230 262 266
262 294 326 266 327
262 195 199 231 263
232 264 265 262 266
322 262 294 326 263
290 230 262 294 231
208 240 209 210 214
214 246 278 218 279
210 242 274 214 275
217 210 242 214 218
209 210 214 186 218
206 210 214 246 207
213 217 221 253 214
277 210 214 246 278
213 146 150 182 214
184 216 217 214 218
242 182 214 246 183
210 150 182 214 151
485 486 518 550 554
550 483 487 519 551
520 552 553 550 554
610 550 582 614 551
578 518 550 582 519
133 165 134 135 139
129 161 130 131 135
70 71 103 135 139
70 102 134 74 135
134 67 71 103 135
194 134 166 198 135
496 528 497 498 502
498 530 562 502 563
505 498 530 502 506
497 498 502 474 506
494 498 502 534 495
565 498 502 534 566
472 504 505 502 506
530 470 502 534 471
498 438 470 502 439
49 53 50 19 51
22 15 47 19 23
82 15 19 51 83
240 272 241 242 246
176 177 209 241 245
241 245 242 211 243
237 269 301 241 302
216 209 241 213 217
240 233 265 237 241
232 233 237 209 241
201 233 237 241 242
237 241 242 243 275
240 173 177 209 241
209 241 242 239 243
417 449 418 419 423
358 359 391 423 427
358 390 422 362 423
426 419 451 423 427
422 355 359 391 423
393 425 426 423 427
482 422 454 486 423
301 333 302 303 307
242 243 275 307 311
310 303 335 307 311
302 303 307 279 311
160 192 161 162 166
192 196 193 162 194
192 196 197 198 230
528 560 529 530 534
529 530 562 594 598
464 465 497 529 533
529 533 530 499 531
525 557 589 529 590
464 496 528 468 529
528 521 553 525 529
520 521 525 497 529
525 529 530 531 563
524 528 529 530 562
528 461 465 497 529
497 529 530 527 531
593 625 594 595 599
530 531 563 595 599
530 562 594 534 595
554 586 590 594 595
594 598 602 634 595
594 527 531 563 595
448 480 449 450 454
480 484 485 486 518
53 85 54 55 59
49 81 50 51 55
53 57 54 23 55
58 51 83 55 59
54 47 79 51 55
46 47 51 23 55
14 46 50 54 55
25 57 58 55 59
114 54 86 118 55
277 278 310 342 346
213 245 277 217 278
272 276 277 278 310
276 209 213 245 277
245 277 278 275 279
278 279 311 343 347
302 334 338 342 343
342 275 279 311 343
313 345 346 343 347
216 220 217 186 218
177 209 213 217 218
213 217 218 219 251
217 150 154 186 218
572 505 509 541 573
633 573 605 637 574
601 541 573 605 542
601 605 606 607 639
524 525 557 589 593
524 556 588 528 589
492 524 556 496 557
460 492 524 464 525
524 556 560 564 565
484 516 520 524 525
520 524 528 560 521
524 464 496 528 465
584 524 556 588 525
520 460 492 524 461
128 129 161 193 197
96 97 129 161 165
161 165 162 131 163
160 164 161 130 162
129 161 193 133 194
268 300 332 272 333
268 272 276 308 269
268 208 240 272 209
194 195 227 259 263
162 163 195 227 231
184 124 156 188 125
384 385 417 449 453
449 453 450 419 451
556 588 620 560 621
556 560 564 596 557
560 564 565 566 598
556 496 528 560 497
588 620 589 590 594
601 594 626 598 602
589 590 594 566 598
586 590 594 626 587
622 562 594 626 563
590 530 562 594 531
450 451 483 515 519
472 412 444 476 413
37 38 70 102 106
102 35 39 71 103
72 104 105 102 106
162 102 134 166 103
130 70 102 134 71
48 80 49 50 54
54 86 118 58 119
50 82 114 54 115
57 50 82 54 58
49 50 54 26 58
46 50 54 86 47
53 57 61 93 54
117 50 54 86 118
24 56 57 54 58
82 22 54 86 23
325 326 358 390 394
390 323 327 359 391
360 392 393 390 394
450 390 422 454 391
418 358 390 422 359
336 368 337 338 342
338 370 402 342 403
345 338 370 342 346
337 338 342 314 346
333 334 338 310 342
312 344 345 342 346
338 278 310 342 279
80 112 81 82 86
81 82 114 146 150
16 17 49 81 85
81 85 82 51 83
16 48 80 20 81
56 49 81 53 57
76 80 81 82 114
80 13 17 49 81
49 81 82 79 83
198 199 231 263 267
266 259 291 263 267
233 265 266 263 267
565 566 598 630 634
605 598 630 602 606
625 626 630 602 634
621 622 626 598 630
590 622 626 630 631
600 632 633 630 634
145 177 146 147 151
82 83 115 147 151
82 114 146 86 147
146 150 154 186 147
146 79 83 115 147
0 32 1 2 6
32 36 37 38 70
369 370 402 434 438
364 368 369 370 402
368 301 305 337 369
337 369 370 367 371
433 465 434 435 439
370 371 403 435 439
434 438 442 474 435
434 367 371 403 435
288 320 289 290 294
320 324 325 326 358
576 608 577 578 582
124 57 61 93 125
72 76 80 112 73
76 16 48 80 17
72 12 44 76 13
412 345 349 381 413
381 413 414 411 415
332 364 333 334 338
360 392 424 364 425
360 364 368 400 361
360 300 332 364 301
140 172 141 142 146
142 174 206 146 207
141 142 146 118 150
142 82 114 146 83
112 116 117 118 150
2 3 35 67 71
289 290 322 354 358
289 293 290 259 291
393 425 429 433 434
400 404 405 406 438
353 385 354 355 359
290 291 323 355 359
290 322 354 294 355
354 358 362 394 355
577 578 582 554 586
165 166 198 230 234
117 118 150 182 186
182 115 119 151 183
453 454 486 518 522
405 406 438 470 474
209 210 242 274 278
208 209 213 185 217
204 208 209 210 242
208 141 145 177 209
177 209 210 207 211
176 208 209 206 210
210 211 243 275 279
274 207 211 243 275
128 160 129 130 134
160 164 165 166 198
268 269 301 333 337
333 337 334 303 335
332 336 333 302 334
332 265 269 301 333
301 333 334 331 335
556 557 589 621 625
620 624 621 590 622
620 553 557 589 621
589 621 622 619 623
252 185 189 221 253
221 253 254 251 255
540 473 477 509 541
509 541 542 539 543
566 598 602 606 607
606 539 543 575 607
492 496 497 498 530
129 130 162 194 198
196 129 133 165 197
193 225 194 195 199
130 131 163 195 199
193 197 194 163 195
130 162 194 134 195
165 197 198 195 199
416 448 417 418 422
417 418 450 482 486
417 418 422 394 426
497 498 530 562 566
562 495 499 531 563
418 419 451 483 487
418 450 482 422 483
482 483 487 459 491
453 485 486 483 487
5 6 38 70 74
293 294 326 358 362
425 358 362 394 426
245 246 278 310 314
49 50 82 114 118
48 49 53 25 57
17 49 53 57 58
44 48 49 50 82
116 49 53 85 117
17 49 50 47 51
16 48 49 46 50
50 51 83 115 119
114 47 51 83 115
85 117 118 115 119
172 176 173 142 174
172 105 109 141 173
141 173 174 171 175
174 175 207 239 243
460 393 397 429 461
429 461 462 459 463
600 632 601 602 606
602 542 574 606 543
462 463 495 527 531
296 300 301 302 334
584 588 589 590 622
92 25 29 61 93
61 93 94 91 95
193 197 201 233 194
164 196 197 194 198
376 380 381 382 414
380 313 317 349 381
349 381 382 379 383
406 438 442 446 447
446 379 383 415 447
332 336 337 338 370
5 37 38 35 39
337 338 370 402 406
322 323 327 299 331
293 325 326 323 327
193 197 198 199 231
197 130 134 166 198
220 213 245 217 221
213 153 185 217 154
504 508 505 474 506
505 438 442 474 506
14 15 47 79 83
300 233 237 269 301
269 301 302 299 303
442 474 506 446 507
442 382 414 446 383
302 303 335 367 371
589 582 614 586 590
588 521 525 557 589
556 588 589 586 590
136 140 141 142 174
424 428 425 394 426
392 424 425 422 426
4 36 37 34 38
360 361 393 425 429
425 418 450 422 426
425 429 433 465 426
426 427 459 491 495
494 487 519 491 495
486 487 491 463 495
56 60 57 26 58
53 85 117 57 118
60 53 85 57 61
53 57 58 59 91
464 468 472 504 465
344 348 345 314 346
632 636 633 602 634
141 142 174 206 210
496 429 433 465 497
465 497 498 495 499
264 268 265 234 266
264 197 201 233 265
552 556 553 522 554
266 267 299 331 335
334 327 359 331 335
326 327 331 303 335
16 20 24 56 17
464 496 497 494 498
184 188 185 154 186
472 476 473 442 474
468 472 473 474 506
346 347 379 411 415
436 468 472 476 477
464 404 436 468 405
521 522 554 586 590
20 24 25 26 58
308 312 313 314 346
596 600 601 602 634
228 232 233 234 266
193 133 165 197 134
485 418 422 454 486
422 454 486 426 487
516 520 521 522 554
68 72 73 74 106
356 360 361 362 394
533 534 566 598 602
0 4 5 6 38
85 86 118 150 154
