#Npentacubes (Multiprocess)
1
((0, 0, 0), (0, 0, 1), (0, 0, 2), (1, 0, 2), (1, 0, 3))((0, 0, 3), (0, 1, 3), (0, 2, 2), (0, 2, 3), (0, 3, 2))((0, 0, 4), (1, 0, 4), (2, 0, 4), (2, 1, 4), (3, 1, 4))((0, 1, 4), (0, 2, 4), (0, 3, 3), (0, 3, 4), (0, 4, 3))((0, 4, 4), (1, 4, 4), (2, 4, 3), (2, 4, 4), (3, 4, 3))((1, 3, 4), (2, 3, 4), (3, 3, 4), (3, 4, 4), (4, 4, 4))((0, 4, 0), (0, 4, 1), (0, 4, 2), (1, 4, 2), (1, 4, 3))((0, 1, 1), (0, 1, 2), (1, 1, 2), (1, 1, 3), (1, 1, 4))((3, 0, 1), (3, 0, 2), (4, 0, 2), (4, 0, 3), (4, 0, 4))((2, 0, 1), (2, 0, 2), (2, 0, 3), (3, 0, 3), (3, 0, 4))((0, 2, 1), (0, 3, 1), (1, 0, 1), (1, 1, 1), (1, 2, 1))((4, 1, 4), (4, 2, 4), (4, 3, 3), (4, 3, 4), (4, 4, 3))((1, 2, 2), (1, 2, 3), (1, 2, 4), (2, 2, 1), (2, 2, 2))((2, 1, 1), (2, 1, 2), (2, 1, 3), (2, 2, 3), (2, 2, 4))((1, 3, 2), (2, 3, 2), (2, 4, 2), (3, 4, 2), (4, 4, 2))((1, 3, 3), (2, 3, 3), (3, 3, 2), (3, 3, 3), (4, 3, 2))((3, 1, 1), (3, 1, 2), (3, 1, 3), (3, 2, 3), (3, 2, 4))((3, 2, 0), (3, 2, 1), (3, 2, 2), (4, 2, 2), (4, 2, 3))((4, 0, 0), (4, 0, 1), (4, 1, 1), (4, 1, 2), (4, 1, 3))((4, 1, 0), (4, 2, 0), (4, 2, 1), (4, 3, 1), (4, 4, 1))((1, 4, 1), (2, 4, 1), (3, 4, 0), (3, 4, 1), (4, 4, 0))((0, 2, 0), (1, 2, 0), (2, 1, 0), (2, 2, 0), (3, 1, 0))((0, 1, 0), (1, 0, 0), (1, 1, 0), (2, 0, 0), (3, 0, 0))((1, 4, 0), (2, 3, 0), (2, 4, 0), (3, 3, 0), (4, 3, 0))((0, 3, 0), (1, 3, 0), (1, 3, 1), (2, 3, 1), (3, 3, 1))
2
((0, 0, 0), (0, 0, 1), (1, 0, 1), (1, 0, 2), (1, 0, 3))((0, 0, 2), (0, 0, 3), (0, 0, 4), (0, 1, 1), (0, 1, 2))((3, 0, 1), (3, 0, 2), (4, 0, 2), (4, 0, 3), (4, 0, 4))((4, 0, 1), (4, 1, 1), (4, 1, 2), (4, 2, 2), (4, 3, 2))((4, 0, 0), (4, 1, 0), (4, 2, 0), (4, 2, 1), (4, 3, 1))((0, 1, 0), (1, 0, 0), (1, 1, 0), (2, 0, 0), (3, 0, 0))((3, 1, 0), (3, 2, 0), (3, 3, 0), (4, 3, 0), (4, 4, 0))((0, 2, 0), (0, 2, 1), (0, 2, 2), (1, 2, 2), (1, 2, 3))((1, 1, 1), (1, 1, 2), (1, 1, 3), (1, 2, 0), (1, 2, 1))((0, 1, 3), (0, 2, 3), (0, 2, 4), (0, 3, 4), (0, 4, 4))((0, 1, 4), (1, 0, 4), (1, 1, 4), (2, 0, 4), (3, 0, 4))((4, 1, 3), (4, 2, 3), (4, 2, 4), (4, 3, 4), (4, 4, 4))((1, 2, 4), (2, 1, 4), (2, 2, 4), (3, 1, 4), (4, 1, 4))((3, 0, 3), (3, 1, 3), (3, 2, 3), (3, 2, 4), (3, 3, 4))((2, 0, 3), (2, 1, 3), (2, 2, 2), (2, 2, 3), (2, 3, 2))((2, 0, 2), (2, 1, 2), (3, 1, 2), (3, 2, 2), (3, 3, 2))((1, 3, 4), (2, 3, 3), (2, 3, 4), (3, 3, 3), (4, 3, 3))((2, 0, 1), (2, 1, 1), (3, 1, 1), (3, 2, 1), (3, 3, 1))((2, 1, 0), (2, 2, 0), (2, 2, 1), (2, 3, 1), (2, 4, 1))((0, 3, 0), (1, 3, 0), (2, 3, 0), (2, 4, 0), (3, 4, 0))((0, 3, 1), (0, 3, 2), (0, 3, 3), (0, 4, 0), (0, 4, 1))((1, 3, 1), (1, 3, 2), (1, 3, 3), (1, 4, 3), (1, 4, 4))((0, 4, 2), (0, 4, 3), (1, 4, 0), (1, 4, 1), (1, 4, 2))((3, 4, 3), (3, 4, 4), (4, 4, 1), (4, 4, 2), (4, 4, 3))((2, 4, 2), (2, 4, 3), (2, 4, 4), (3, 4, 1), (3, 4, 2))
3
((0, 0, 0), (0, 0, 1), (0, 0, 2), (0, 1, 2), (0, 1, 3))((0, 0, 3), (1, 0, 3), (1, 0, 4), (2, 0, 4), (3, 0, 4))((0, 0, 4), (0, 1, 4), (0, 2, 3), (0, 2, 4), (0, 3, 3))((0, 3, 4), (0, 4, 4), (1, 1, 4), (1, 2, 4), (1, 3, 4))((3, 1, 4), (3, 2, 4), (3, 3, 4), (4, 0, 4), (4, 1, 4))((4, 1, 3), (4, 2, 3), (4, 2, 4), (4, 3, 4), (4, 4, 4))((4, 0, 2), (4, 0, 3), (4, 1, 0), (4, 1, 1), (4, 1, 2))((3, 0, 1), (3, 0, 2), (3, 0, 3), (4, 0, 0), (4, 0, 1))((3, 0, 0), (3, 1, 0), (3, 2, 0), (4, 2, 0), (4, 3, 0))((1, 2, 0), (1, 3, 0), (2, 0, 0), (2, 1, 0), (2, 2, 0))((0, 1, 0), (0, 2, 0), (0, 3, 0), (1, 0, 0), (1, 1, 0))((0, 4, 0), (1, 4, 0), (2, 3, 0), (2, 4, 0), (3, 3, 0))((1, 4, 1), (2, 4, 1), (3, 4, 0), (3, 4, 1), (4, 4, 0))((0, 4, 1), (0, 4, 2), (0, 4, 3), (1, 4, 3), (1, 4, 4))((3, 3, 1), (3, 3, 2), (3, 4, 2), (3, 4, 3), (3, 4, 4))((3, 1, 3), (3, 2, 3), (3, 3, 3), (4, 3, 3), (4, 4, 3))((3, 1, 1), (3, 2, 1), (4, 2, 1), (4, 3, 1), (4, 4, 1))((3, 1, 2), (3, 2, 2), (4, 2, 2), (4, 3, 2), (4, 4, 2))((0, 1, 1), (0, 2, 1), (0, 3, 1), (1, 0, 1), (1, 1, 1))((0, 2, 2), (0, 3, 2), (1, 0, 2), (1, 1, 2), (1, 2, 2))((1, 2, 1), (1, 3, 1), (2, 0, 1), (2, 1, 1), (2, 2, 1))((1, 1, 3), (1, 2, 3), (1, 3, 2), (1, 3, 3), (1, 4, 2))((2, 0, 2), (2, 1, 2), (2, 2, 2), (2, 2, 3), (2, 3, 3))((2, 0, 3), (2, 1, 3), (2, 1, 4), (2, 2, 4), (2, 3, 4))((2, 3, 1), (2, 3, 2), (2, 4, 2), (2, 4, 3), (2, 4, 4))
4
((0, 0, 0), (0, 0, 1), (1, 0, 1), (1, 0, 2), (1, 0, 3))((0, 0, 2), (0, 0, 3), (0, 0, 4), (0, 1, 1), (0, 1, 2))((3, 1, 4), (3, 2, 4), (3, 3, 4), (4, 0, 4), (4, 1, 4))((4, 1, 3), (4, 2, 3), (4, 2, 4), (4, 3, 4), (4, 4, 4))((3, 0, 1), (3, 0, 2), (3, 0, 3), (4, 0, 0), (4, 0, 1))((4, 0, 2), (4, 0, 3), (4, 1, 0), (4, 1, 1), (4, 1, 2))((0, 1, 4), (1, 0, 4), (1, 1, 4), (2, 0, 4), (3, 0, 4))((0, 1, 3), (0, 2, 3), (0, 2, 4), (0, 3, 4), (0, 4, 4))((3, 0, 0), (3, 1, 0), (3, 2, 0), (4, 2, 0), (4, 3, 0))((2, 0, 0), (2, 1, 0), (2, 2, 0), (2, 2, 1), (2, 3, 1))((3, 1, 1), (3, 2, 1), (4, 2, 1), (4, 3, 1), (4, 4, 1))((2, 0, 1), (2, 0, 2), (2, 0, 3), (2, 1, 3), (2, 1, 4))((2, 1, 1), (2, 1, 2), (2, 2, 2), (2, 2, 3), (2, 2, 4))((3, 1, 2), (3, 2, 2), (4, 2, 2), (4, 3, 2), (4, 4, 2))((3, 1, 3), (3, 2, 3), (3, 3, 3), (4, 3, 3), (4, 4, 3))((1, 3, 0), (2, 3, 0), (3, 3, 0), (3, 4, 0), (4, 4, 0))((3, 3, 1), (3, 3, 2), (3, 4, 2), (3, 4, 3), (3, 4, 4))((1, 4, 1), (1, 4, 2), (2, 4, 2), (2, 4, 3), (2, 4, 4))((0, 4, 0), (1, 4, 0), (2, 4, 0), (2, 4, 1), (3, 4, 1))((1, 3, 1), (1, 3, 2), (2, 3, 2), (2, 3, 3), (2, 3, 4))((0, 4, 1), (0, 4, 2), (0, 4, 3), (1, 4, 3), (1, 4, 4))((0, 1, 0), (0, 2, 0), (0, 3, 0), (1, 0, 0), (1, 1, 0))((0, 3, 1), (0, 3, 2), (0, 3, 3), (1, 3, 3), (1, 3, 4))((0, 2, 1), (0, 2, 2), (1, 2, 2), (1, 2, 3), (1, 2, 4))((1, 1, 1), (1, 1, 2), (1, 1, 3), (1, 2, 0), (1, 2, 1))
5
((0, 0, 0), (0, 0, 1), (0, 0, 2), (0, 1, 2), (0, 1, 3))((0, 0, 3), (1, 0, 3), (1, 0, 4), (2, 0, 4), (3, 0, 4))((0, 0, 4), (0, 1, 4), (0, 2, 3), (0, 2, 4), (0, 3, 3))((0, 3, 4), (0, 4, 4), (1, 1, 4), (1, 2, 4), (1, 3, 4))((3, 2, 4), (3, 3, 4), (4, 0, 4), (4, 1, 4), (4, 2, 4))((4, 3, 1), (4, 3, 2), (4, 4, 2), (4, 4, 3), (4, 4, 4))((4, 2, 1), (4, 2, 2), (4, 2, 3), (4, 3, 3), (4, 3, 4))((0, 4, 3), (1, 4, 3), (1, 4, 4), (2, 4, 4), (3, 4, 4))((3, 4, 1), (3, 4, 2), (3, 4, 3), (4, 4, 0), (4, 4, 1))((0, 1, 1), (0, 2, 1), (0, 3, 0), (0, 3, 1), (0, 4, 0))((0, 4, 1), (1, 4, 1), (2, 4, 0), (2, 4, 1), (3, 4, 0))((0, 2, 2), (0, 3, 2), (0, 4, 2), (1, 1, 2), (1, 2, 2))((1, 1, 3), (1, 2, 3), (1, 3, 2), (1, 3, 3), (1, 4, 2))((0, 1, 0), (0, 2, 0), (1, 2, 0), (1, 3, 0), (1, 4, 0))((1, 0, 0), (1, 1, 0), (1, 1, 1), (1, 2, 1), (1, 3, 1))((3, 0, 0), (3, 1, 0), (4, 1, 0), (4, 2, 0), (4, 3, 0))((1, 0, 2), (2, 0, 2), (2, 0, 3), (3, 0, 3), (4, 0, 3))((4, 0, 0), (4, 0, 1), (4, 0, 2), (4, 1, 2), (4, 1, 3))((1, 0, 1), (2, 0, 1), (2, 1, 1), (3, 1, 1), (4, 1, 1))((3, 0, 1), (3, 0, 2), (3, 1, 2), (3, 1, 3), (3, 1, 4))((2, 0, 0), (2, 1, 0), (2, 2, 0), (3, 2, 0), (3, 3, 0))((2, 2, 3), (2, 2, 4), (3, 2, 1), (3, 2, 2), (3, 2, 3))((2, 3, 0), (2, 3, 1), (2, 3, 2), (2, 4, 2), (2, 4, 3))((2, 3, 3), (2, 3, 4), (3, 3, 1), (3, 3, 2), (3, 3, 3))((2, 1, 2), (2, 1, 3), (2, 1, 4), (2, 2, 1), (2, 2, 2))
6
((0, 0, 0), (0, 0, 1), (1, 0, 1), (1, 0, 2), (1, 0, 3))((0, 0, 2), (0, 0, 3), (0, 0, 4), (0, 1, 1), (0, 1, 2))((3, 1, 4), (3, 2, 4), (3, 3, 4), (4, 0, 4), (4, 1, 4))((4, 1, 3), (4, 2, 3), (4, 2, 4), (4, 3, 4), (4, 4, 4))((4, 0, 0), (4, 1, 0), (4, 1, 1), (4, 2, 1), (4, 3, 1))((1, 0, 0), (2, 0, 0), (2, 0, 1), (3, 0, 1), (4, 0, 1))((1, 0, 4), (2, 0, 4), (3, 0, 3), (3, 0, 4), (4, 0, 3))((3, 2, 2), (3, 3, 2), (4, 0, 2), (4, 1, 2), (4, 2, 2))((4, 3, 2), (4, 3, 3), (4, 4, 0), (4, 4, 1), (4, 4, 2))((3, 0, 2), (3, 1, 2), (3, 1, 3), (3, 2, 3), (3, 3, 3))((1, 4, 4), (2, 4, 4), (3, 4, 3), (3, 4, 4), (4, 4, 3))((0, 1, 3), (0, 1, 4), (0, 2, 1), (0, 2, 2), (0, 2, 3))((0, 2, 4), (0, 3, 4), (0, 4, 4), (1, 1, 4), (1, 2, 4))((3, 0, 0), (3, 1, 0), (3, 2, 0), (4, 2, 0), (4, 3, 0))((0, 1, 0), (0, 2, 0), (0, 3, 0), (1, 3, 0), (1, 4, 0))((3, 1, 1), (3, 2, 1), (3, 3, 0), (3, 3, 1), (3, 4, 0))((0, 4, 3), (1, 4, 3), (2, 4, 2), (2, 4, 3), (3, 4, 2))((0, 3, 2), (0, 3, 3), (0, 4, 0), (0, 4, 1), (0, 4, 2))((0, 3, 1), (1, 3, 1), (2, 3, 1), (2, 4, 1), (3, 4, 1))((1, 3, 2), (1, 3, 3), (1, 3, 4), (1, 4, 1), (1, 4, 2))((1, 1, 0), (1, 2, 0), (2, 2, 0), (2, 3, 0), (2, 4, 0))((1, 2, 1), (1, 2, 2), (1, 2, 3), (2, 2, 3), (2, 2, 4))((2, 0, 2), (2, 0, 3), (2, 1, 0), (2, 1, 1), (2, 1, 2))((1, 1, 1), (1, 1, 2), (1, 1, 3), (2, 1, 3), (2, 1, 4))((2, 2, 1), (2, 2, 2), (2, 3, 2), (2, 3, 3), (2, 3, 4))
7
((0, 0, 0), (0, 0, 1), (0, 0, 2), (0, 1, 2), (0, 1, 3))((0, 0, 3), (1, 0, 3), (1, 0, 4), (2, 0, 4), (3, 0, 4))((0, 0, 4), (0, 1, 4), (0, 2, 3), (0, 2, 4), (0, 3, 3))((0, 3, 4), (0, 4, 4), (1, 1, 4), (1, 2, 4), (1, 3, 4))((3, 0, 1), (3, 0, 2), (3, 0, 3), (4, 0, 3), (4, 0, 4))((4, 0, 0), (4, 0, 1), (4, 0, 2), (4, 1, 2), (4, 1, 3))((4, 1, 4), (4, 2, 3), (4, 2, 4), (4, 3, 3), (4, 4, 3))((3, 1, 4), (3, 2, 4), (3, 3, 4), (4, 3, 4), (4, 4, 4))((3, 4, 2), (3, 4, 3), (3, 4, 4), (4, 4, 1), (4, 4, 2))((0, 4, 1), (0, 4, 2), (0, 4, 3), (1, 4, 3), (1, 4, 4))((2, 3, 1), (2, 3, 2), (2, 4, 2), (2, 4, 3), (2, 4, 4))((3, 3, 2), (3, 3, 3), (4, 3, 0), (4, 3, 1), (4, 3, 2))((0, 2, 2), (0, 3, 2), (1, 0, 2), (1, 1, 2), (1, 2, 2))((1, 1, 3), (1, 2, 3), (1, 3, 2), (1, 3, 3), (1, 4, 2))((3, 2, 2), (3, 2, 3), (4, 2, 0), (4, 2, 1), (4, 2, 2))((2, 0, 2), (2, 1, 2), (2, 2, 2), (2, 2, 3), (2, 3, 3))((2, 0, 3), (2, 1, 3), (2, 1, 4), (2, 2, 4), (2, 3, 4))((3, 1, 1), (3, 1, 2), (3, 1, 3), (4, 1, 0), (4, 1, 1))((0, 1, 1), (0, 2, 1), (0, 3, 1), (1, 0, 1), (1, 1, 1))((1, 2, 1), (1, 3, 1), (2, 0, 1), (2, 1, 1), (2, 2, 1))((3, 0, 0), (3, 1, 0), (3, 2, 0), (3, 2, 1), (3, 3, 1))((1, 2, 0), (1, 3, 0), (2, 0, 0), (2, 1, 0), (2, 2, 0))((0, 1, 0), (0, 2, 0), (0, 3, 0), (1, 0, 0), (1, 1, 0))((0, 4, 0), (1, 4, 0), (2, 3, 0), (2, 4, 0), (3, 3, 0))((1, 4, 1), (2, 4, 1), (3, 4, 0), (3, 4, 1), (4, 4, 0))
8
((0, 0, 0), (0, 0, 1), (0, 0, 2), (1, 0, 2), (1, 0, 3))((0, 0, 3), (0, 1, 2), (0, 1, 3), (0, 2, 2), (0, 3, 2))((0, 0, 4), (0, 1, 4), (0, 2, 3), (0, 2, 4), (0, 3, 3))((0, 3, 4), (0, 4, 4), (1, 1, 4), (1, 2, 4), (1, 3, 4))((1, 0, 4), (2, 0, 4), (3, 0, 4), (3, 1, 4), (4, 1, 4))((3, 0, 1), (3, 0, 2), (3, 0, 3), (4, 0, 3), (4, 0, 4))((4, 0, 0), (4, 0, 1), (4, 0, 2), (4, 1, 2), (4, 1, 3))((3, 2, 1), (3, 2, 2), (4, 2, 2), (4, 2, 3), (4, 2, 4))((3, 1, 1), (3, 1, 2), (3, 1, 3), (3, 2, 3), (3, 2, 4))((4, 1, 1), (4, 2, 0), (4, 2, 1), (4, 3, 0), (4, 4, 0))((1, 0, 0), (2, 0, 0), (3, 0, 0), (3, 1, 0), (4, 1, 0))((0, 1, 1), (0, 2, 0), (0, 2, 1), (0, 3, 0), (0, 4, 0))((0, 1, 0), (1, 1, 0), (2, 1, 0), (2, 2, 0), (3, 2, 0))((1, 0, 1), (1, 1, 1), (1, 2, 0), (1, 2, 1), (1, 3, 0))((2, 0, 1), (2, 1, 1), (2, 2, 1), (2, 2, 2), (2, 3, 2))((1, 1, 2), (1, 2, 2), (1, 3, 2), (2, 0, 2), (2, 1, 2))((0, 3, 1), (1, 3, 1), (2, 3, 0), (2, 3, 1), (3, 3, 0))((1, 1, 3), (1, 2, 3), (1, 3, 3), (2, 0, 3), (2, 1, 3))((2, 1, 4), (2, 2, 3), (2, 2, 4), (2, 3, 3), (2, 4, 3))((1, 4, 4), (2, 3, 4), (2, 4, 4), (3, 3, 4), (4, 3, 4))((4, 3, 1), (4, 3, 2), (4, 3, 3), (4, 4, 3), (4, 4, 4))((1, 4, 2), (1, 4, 3), (2, 4, 0), (2, 4, 1), (2, 4, 2))((3, 4, 2), (3, 4, 3), (3, 4, 4), (4, 4, 1), (4, 4, 2))((3, 3, 1), (3, 3, 2), (3, 3, 3), (3, 4, 0), (3, 4, 1))((0, 4, 1), (0, 4, 2), (0, 4, 3), (1, 4, 0), (1, 4, 1))
9
((0, 0, 0), (0, 0, 1), (1, 0, 1), (1, 0, 2), (1, 0, 3))((0, 0, 2), (0, 0, 3), (0, 0, 4), (0, 1, 1), (0, 1, 2))((4, 0, 4), (4, 1, 3), (4, 1, 4), (4, 2, 3), (4, 3, 3))((3, 0, 4), (3, 1, 4), (3, 2, 4), (4, 2, 4), (4, 3, 4))((1, 0, 4), (2, 0, 3), (2, 0, 4), (3, 0, 3), (4, 0, 3))((3, 2, 0), (3, 3, 0), (4, 0, 0), (4, 1, 0), (4, 2, 0))((4, 1, 1), (4, 2, 1), (4, 3, 0), (4, 3, 1), (4, 4, 0))((1, 0, 0), (2, 0, 0), (2, 0, 1), (3, 0, 1), (4, 0, 1))((2, 1, 0), (2, 2, 0), (2, 3, 0), (3, 0, 0), (3, 1, 0))((1, 1, 2), (2, 0, 2), (2, 1, 2), (3, 0, 2), (4, 0, 2))((1, 1, 1), (2, 1, 1), (3, 1, 1), (3, 1, 2), (4, 1, 2))((0, 3, 0), (0, 4, 0), (1, 1, 0), (1, 2, 0), (1, 3, 0))((0, 1, 0), (0, 2, 0), (0, 2, 1), (0, 3, 1), (0, 4, 1))((1, 2, 1), (2, 2, 1), (3, 2, 1), (3, 2, 2), (4, 2, 2))((0, 2, 2), (1, 2, 2), (2, 2, 2), (2, 2, 3), (3, 2, 3))((0, 1, 4), (1, 1, 4), (2, 1, 3), (2, 1, 4), (3, 1, 3))((0, 2, 4), (1, 2, 4), (2, 2, 4), (2, 3, 4), (3, 3, 4))((0, 1, 3), (0, 2, 3), (0, 3, 3), (0, 3, 4), (0, 4, 4))((1, 1, 3), (1, 2, 3), (1, 3, 3), (1, 3, 4), (1, 4, 4))((1, 4, 3), (2, 4, 3), (2, 4, 4), (3, 4, 4), (4, 4, 4))((0, 4, 2), (0, 4, 3), (1, 4, 0), (1, 4, 1), (1, 4, 2))((3, 4, 0), (3, 4, 1), (4, 4, 1), (4, 4, 2), (4, 4, 3))((0, 3, 2), (1, 3, 2), (2, 3, 2), (2, 3, 3), (3, 3, 3))((1, 3, 1), (2, 3, 1), (3, 3, 1), (3, 3, 2), (4, 3, 2))((2, 4, 0), (2, 4, 1), (2, 4, 2), (3, 4, 2), (3, 4, 3))
10
((0, 0, 0), (0, 0, 1), (1, 0, 1), (1, 0, 2), (1, 0, 3))((0, 0, 2), (0, 0, 3), (0, 0, 4), (0, 1, 1), (0, 1, 2))((4, 0, 4), (4, 1, 3), (4, 1, 4), (4, 2, 3), (4, 3, 3))((3, 1, 4), (3, 2, 4), (4, 2, 4), (4, 3, 4), (4, 4, 4))((3, 2, 0), (3, 3, 0), (4, 0, 0), (4, 1, 0), (4, 2, 0))((4, 1, 1), (4, 2, 1), (4, 3, 0), (4, 3, 1), (4, 4, 0))((1, 1, 1), (2, 0, 1), (2, 1, 1), (3, 0, 1), (4, 0, 1))((1, 0, 4), (2, 0, 4), (3, 0, 3), (3, 0, 4), (4, 0, 3))((1, 1, 2), (2, 0, 2), (2, 1, 2), (3, 0, 2), (4, 0, 2))((3, 3, 2), (3, 4, 2), (4, 1, 2), (4, 2, 2), (4, 3, 2))((3, 4, 3), (3, 4, 4), (4, 4, 1), (4, 4, 2), (4, 4, 3))((2, 2, 2), (2, 3, 2), (2, 4, 2), (3, 1, 2), (3, 2, 2))((3, 0, 0), (3, 1, 0), (3, 1, 1), (3, 2, 1), (3, 3, 1))((2, 0, 0), (2, 1, 0), (2, 2, 0), (2, 2, 1), (2, 3, 1))((0, 3, 0), (1, 3, 0), (2, 3, 0), (2, 4, 0), (3, 4, 0))((0, 1, 0), (0, 2, 0), (0, 2, 1), (0, 3, 1), (0, 4, 1))((1, 0, 0), (1, 1, 0), (1, 2, 0), (1, 2, 1), (1, 3, 1))((0, 4, 0), (1, 4, 0), (1, 4, 1), (2, 4, 1), (3, 4, 1))((1, 1, 3), (1, 2, 2), (1, 2, 3), (1, 3, 2), (1, 4, 2))((0, 1, 3), (0, 2, 2), (0, 2, 3), (0, 3, 2), (0, 4, 2))((0, 1, 4), (0, 2, 4), (0, 3, 3), (0, 3, 4), (0, 4, 3))((0, 4, 4), (1, 4, 4), (2, 3, 4), (2, 4, 4), (3, 3, 4))((1, 1, 4), (1, 2, 4), (1, 3, 3), (1, 3, 4), (1, 4, 3))((2, 1, 4), (2, 2, 3), (2, 2, 4), (2, 3, 3), (2, 4, 3))((2, 0, 3), (2, 1, 3), (3, 1, 3), (3, 2, 3), (3, 3, 3))
11
((0, 0, 0), (0, 0, 1), (1, 0, 1), (1, 0, 2), (1, 0, 3))((0, 0, 2), (0, 0, 3), (0, 0, 4), (0, 1, 1), (0, 1, 2))((4, 0, 4), (4, 1, 3), (4, 1, 4), (4, 2, 3), (4, 3, 3))((3, 1, 4), (3, 2, 4), (4, 2, 4), (4, 3, 4), (4, 4, 4))((4, 0, 0), (4, 1, 0), (4, 1, 1), (4, 2, 1), (4, 3, 1))((1, 0, 0), (2, 0, 0), (2, 0, 1), (3, 0, 1), (4, 0, 1))((1, 0, 4), (2, 0, 4), (3, 0, 3), (3, 0, 4), (4, 0, 3))((1, 1, 2), (2, 0, 2), (2, 1, 2), (3, 0, 2), (4, 0, 2))((3, 3, 2), (3, 4, 2), (4, 1, 2), (4, 2, 2), (4, 3, 2))((3, 4, 3), (3, 4, 4), (4, 4, 1), (4, 4, 2), (4, 4, 3))((3, 0, 0), (3, 1, 0), (3, 2, 0), (4, 2, 0), (4, 3, 0))((2, 2, 2), (2, 3, 2), (2, 4, 2), (3, 1, 2), (3, 2, 2))((1, 4, 1), (2, 4, 1), (3, 4, 0), (3, 4, 1), (4, 4, 0))((0, 1, 0), (1, 1, 0), (2, 1, 0), (2, 1, 1), (3, 1, 1))((0, 4, 0), (1, 4, 0), (2, 3, 0), (2, 4, 0), (3, 3, 0))((0, 2, 0), (1, 2, 0), (2, 2, 0), (2, 2, 1), (3, 2, 1))((0, 3, 0), (1, 3, 0), (1, 3, 1), (2, 3, 1), (3, 3, 1))((0, 2, 1), (0, 3, 1), (0, 4, 1), (1, 1, 1), (1, 2, 1))((1, 1, 3), (1, 2, 2), (1, 2, 3), (1, 3, 2), (1, 4, 2))((0, 1, 3), (0, 2, 2), (0, 2, 3), (0, 3, 2), (0, 4, 2))((0, 1, 4), (0, 2, 4), (0, 3, 3), (0, 3, 4), (0, 4, 3))((0, 4, 4), (1, 4, 4), (2, 3, 4), (2, 4, 4), (3, 3, 4))((1, 1, 4), (1, 2, 4), (1, 3, 3), (1, 3, 4), (1, 4, 3))((2, 1, 4), (2, 2, 3), (2, 2, 4), (2, 3, 3), (2, 4, 3))((2, 0, 3), (2, 1, 3), (3, 1, 3), (3, 2, 3), (3, 3, 3))
12
((0, 0, 0), (0, 0, 1), (0, 1, 1), (0, 1, 2), (0, 1, 3))((0, 0, 2), (1, 0, 2), (2, 0, 1), (2, 0, 2), (3, 0, 1))((0, 0, 3), (1, 0, 3), (2, 0, 3), (2, 1, 3), (3, 1, 3))((0, 0, 4), (0, 1, 4), (0, 2, 3), (0, 2, 4), (0, 3, 3))((3, 0, 2), (3, 0, 3), (3, 0, 4), (4, 0, 1), (4, 0, 2))((4, 0, 3), (4, 0, 4), (4, 1, 1), (4, 1, 2), (4, 1, 3))((1, 1, 0), (2, 0, 0), (2, 1, 0), (3, 0, 0), (4, 0, 0))((1, 0, 0), (1, 0, 1), (1, 1, 1), (1, 1, 2), (1, 1, 3))((0, 1, 0), (0, 2, 0), (1, 2, 0), (1, 3, 0), (1, 4, 0))((0, 4, 0), (0, 4, 1), (1, 4, 1), (1, 4, 2), (1, 4, 3))((0, 3, 0), (0, 3, 1), (0, 3, 2), (0, 4, 2), (0, 4, 3))((0, 3, 4), (0, 4, 4), (1, 1, 4), (1, 2, 4), (1, 3, 4))((1, 0, 4), (2, 0, 4), (2, 1, 4), (3, 1, 4), (4, 1, 4))((3, 4, 1), (3, 4, 2), (4, 4, 2), (4, 4, 3), (4, 4, 4))((1, 4, 4), (2, 3, 4), (2, 4, 4), (3, 3, 4), (4, 3, 4))((2, 4, 1), (2, 4, 2), (2, 4, 3), (3, 4, 3), (3, 4, 4))((0, 2, 2), (1, 2, 2), (2, 1, 2), (2, 2, 2), (3, 1, 2))((1, 2, 3), (2, 2, 3), (2, 2, 4), (3, 2, 4), (4, 2, 4))((4, 3, 1), (4, 3, 2), (4, 3, 3), (4, 4, 0), (4, 4, 1))((3, 3, 0), (3, 4, 0), (4, 1, 0), (4, 2, 0), (4, 3, 0))((2, 2, 0), (2, 3, 0), (2, 4, 0), (3, 1, 0), (3, 2, 0))((1, 3, 2), (2, 3, 2), (3, 2, 2), (3, 3, 2), (4, 2, 2))((1, 3, 3), (2, 3, 3), (3, 2, 3), (3, 3, 3), (4, 2, 3))((0, 2, 1), (1, 2, 1), (2, 1, 1), (2, 2, 1), (3, 1, 1))((1, 3, 1), (2, 3, 1), (3, 2, 1), (3, 3, 1), (4, 2, 1))
13
((0, 0, 0), (0, 0, 1), (1, 0, 1), (1, 0, 2), (1, 0, 3))((0, 0, 2), (0, 0, 3), (0, 0, 4), (0, 1, 1), (0, 1, 2))((4, 0, 2), (4, 0, 3), (4, 0, 4), (4, 1, 1), (4, 1, 2))((1, 0, 0), (2, 0, 0), (3, 0, 0), (3, 0, 1), (4, 0, 1))((4, 0, 0), (4, 1, 0), (4, 2, 0), (4, 2, 1), (4, 3, 1))((3, 1, 0), (3, 2, 0), (3, 3, 0), (4, 3, 0), (4, 4, 0))((0, 1, 0), (0, 2, 0), (0, 2, 1), (0, 3, 1), (0, 4, 1))((0, 3, 0), (0, 4, 0), (1, 1, 0), (1, 2, 0), (1, 3, 0))((3, 4, 0), (3, 4, 1), (4, 4, 1), (4, 4, 2), (4, 4, 3))((0, 4, 2), (0, 4, 3), (1, 4, 0), (1, 4, 1), (1, 4, 2))((2, 3, 2), (2, 3, 3), (2, 4, 0), (2, 4, 1), (2, 4, 2))((0, 3, 2), (0, 3, 3), (0, 3, 4), (1, 3, 1), (1, 3, 2))((3, 0, 2), (3, 1, 2), (3, 2, 2), (4, 2, 2), (4, 3, 2))((3, 1, 1), (3, 2, 1), (3, 3, 1), (3, 3, 2), (3, 4, 2))((2, 0, 2), (2, 1, 2), (2, 2, 1), (2, 2, 2), (2, 3, 1))((2, 0, 1), (2, 1, 0), (2, 1, 1), (2, 2, 0), (2, 3, 0))((0, 2, 2), (0, 2, 3), (0, 2, 4), (1, 2, 1), (1, 2, 2))((0, 1, 3), (0, 1, 4), (1, 1, 1), (1, 1, 2), (1, 1, 3))((3, 0, 3), (3, 1, 3), (4, 1, 3), (4, 2, 3), (4, 3, 3))((2, 0, 3), (2, 1, 3), (2, 2, 3), (3, 2, 3), (3, 3, 3))((1, 0, 4), (1, 1, 4), (1, 2, 3), (1, 2, 4), (1, 3, 3))((2, 0, 4), (2, 1, 4), (2, 2, 4), (3, 2, 4), (3, 3, 4))((3, 0, 4), (3, 1, 4), (4, 1, 4), (4, 2, 4), (4, 3, 4))((1, 3, 4), (2, 3, 4), (2, 4, 4), (3, 4, 4), (4, 4, 4))((0, 4, 4), (1, 4, 3), (1, 4, 4), (2, 4, 3), (3, 4, 3))
14
((0, 0, 0), (0, 0, 1), (0, 1, 1), (0, 1, 2), (0, 1, 3))((0, 0, 2), (0, 0, 3), (1, 0, 0), (1, 0, 1), (1, 0, 2))((0, 0, 4), (0, 1, 4), (0, 2, 3), (0, 2, 4), (0, 3, 3))((0, 3, 4), (1, 3, 4), (1, 4, 4), (2, 4, 4), (3, 4, 4))((0, 3, 1), (0, 3, 2), (0, 4, 2), (0, 4, 3), (0, 4, 4))((0, 1, 0), (1, 1, 0), (2, 0, 0), (2, 1, 0), (3, 0, 0))((0, 4, 0), (0, 4, 1), (1, 4, 1), (1, 4, 2), (1, 4, 3))((0, 3, 0), (1, 3, 0), (1, 4, 0), (2, 4, 0), (3, 4, 0))((0, 2, 0), (0, 2, 1), (0, 2, 2), (1, 2, 2), (1, 2, 3))((1, 2, 4), (2, 2, 4), (2, 3, 4), (3, 3, 4), (4, 3, 4))((3, 4, 1), (3, 4, 2), (4, 4, 2), (4, 4, 3), (4, 4, 4))((4, 1, 1), (4, 2, 0), (4, 2, 1), (4, 3, 0), (4, 4, 0))((4, 1, 2), (4, 2, 2), (4, 3, 1), (4, 3, 2), (4, 4, 1))((4, 0, 4), (4, 1, 4), (4, 2, 3), (4, 2, 4), (4, 3, 3))((1, 2, 0), (1, 2, 1), (1, 3, 1), (1, 3, 2), (1, 3, 3))((3, 1, 0), (3, 2, 0), (3, 3, 0), (4, 0, 0), (4, 1, 0))((3, 0, 3), (3, 0, 4), (4, 0, 1), (4, 0, 2), (4, 0, 3))((1, 0, 3), (1, 0, 4), (1, 1, 1), (1, 1, 2), (1, 1, 3))((1, 1, 4), (2, 1, 3), (2, 1, 4), (3, 1, 3), (4, 1, 3))((3, 1, 4), (3, 2, 3), (3, 2, 4), (3, 3, 3), (3, 4, 3))((2, 0, 2), (2, 0, 3), (2, 0, 4), (3, 0, 1), (3, 0, 2))((2, 3, 2), (2, 4, 2), (3, 1, 2), (3, 2, 2), (3, 3, 2))((2, 0, 1), (2, 1, 1), (2, 2, 0), (2, 2, 1), (2, 3, 0))((2, 3, 1), (2, 4, 1), (3, 1, 1), (3, 2, 1), (3, 3, 1))((2, 1, 2), (2, 2, 2), (2, 2, 3), (2, 3, 3), (2, 4, 3))
15
((0, 0, 0), (0, 0, 1), (0, 0, 2), (1, 0, 2), (1, 0, 3))((0, 0, 3), (0, 1, 3), (1, 1, 3), (1, 2, 3), (1, 3, 3))((0, 0, 4), (0, 1, 4), (1, 1, 4), (1, 2, 4), (1, 3, 4))((0, 1, 1), (0, 1, 2), (0, 2, 2), (0, 2, 3), (0, 2, 4))((0, 3, 2), (0, 3, 3), (0, 3, 4), (1, 3, 1), (1, 3, 2))((1, 0, 4), (2, 0, 3), (2, 0, 4), (3, 0, 3), (4, 0, 3))((4, 0, 4), (4, 1, 3), (4, 1, 4), (4, 2, 3), (4, 3, 3))((3, 0, 4), (3, 1, 4), (3, 2, 4), (4, 2, 4), (4, 3, 4))((0, 4, 4), (1, 4, 4), (2, 3, 4), (2, 4, 4), (3, 3, 4))((1, 4, 3), (2, 4, 3), (3, 4, 3), (3, 4, 4), (4, 4, 4))((0, 4, 2), (0, 4, 3), (1, 4, 0), (1, 4, 1), (1, 4, 2))((0, 3, 0), (0, 4, 0), (1, 1, 0), (1, 2, 0), (1, 3, 0))((0, 1, 0), (0, 2, 0), (0, 2, 1), (0, 3, 1), (0, 4, 1))((3, 4, 0), (3, 4, 1), (3, 4, 2), (4, 4, 2), (4, 4, 3))((4, 1, 1), (4, 2, 0), (4, 2, 1), (4, 3, 0), (4, 4, 0))((4, 1, 2), (4, 2, 2), (4, 3, 1), (4, 3, 2), (4, 4, 1))((1, 2, 1), (1, 2, 2), (2, 2, 2), (2, 2, 3), (2, 2, 4))((1, 1, 1), (1, 1, 2), (2, 1, 2), (2, 1, 3), (2, 1, 4))((1, 0, 1), (2, 0, 1), (2, 0, 2), (3, 0, 2), (4, 0, 2))((1, 0, 0), (2, 0, 0), (3, 0, 0), (3, 0, 1), (4, 0, 1))((3, 1, 0), (3, 2, 0), (3, 3, 0), (4, 0, 0), (4, 1, 0))((2, 2, 0), (2, 2, 1), (3, 2, 1), (3, 2, 2), (3, 2, 3))((2, 1, 0), (2, 1, 1), (3, 1, 1), (3, 1, 2), (3, 1, 3))((2, 3, 2), (2, 3, 3), (2, 4, 0), (2, 4, 1), (2, 4, 2))((2, 3, 0), (2, 3, 1), (3, 3, 1), (3, 3, 2), (3, 3, 3))
16
((0, 0, 0), (0, 0, 1), (0, 1, 1), (0, 1, 2), (0, 1, 3))((0, 0, 2), (0, 0, 3), (1, 0, 0), (1, 0, 1), (1, 0, 2))((0, 0, 4), (1, 0, 4), (1, 1, 4), (2, 1, 4), (3, 1, 4))((0, 1, 4), (0, 2, 4), (0, 3, 3), (0, 3, 4), (0, 4, 3))((0, 4, 4), (1, 4, 4), (2, 4, 3), (2, 4, 4), (3, 4, 3))((1, 3, 4), (2, 3, 4), (3, 3, 4), (3, 4, 4), (4, 4, 4))((1, 0, 3), (2, 0, 3), (2, 0, 4), (3, 0, 4), (4, 0, 4))((0, 4, 0), (0, 4, 1), (0, 4, 2), (1, 4, 2), (1, 4, 3))((0, 1, 0), (1, 1, 0), (2, 0, 0), (2, 1, 0), (3, 0, 0))((0, 2, 0), (1, 2, 0), (2, 2, 0), (2, 3, 0), (3, 3, 0))((0, 3, 0), (1, 3, 0), (1, 4, 0), (2, 4, 0), (3, 4, 0))((3, 1, 0), (3, 2, 0), (4, 2, 0), (4, 3, 0), (4, 4, 0))((4, 0, 0), (4, 1, 0), (4, 1, 1), (4, 2, 1), (4, 3, 1))((1, 1, 1), (2, 0, 1), (2, 1, 1), (3, 0, 1), (4, 0, 1))((4, 3, 3), (4, 3, 4), (4, 4, 1), (4, 4, 2), (4, 4, 3))((3, 1, 1), (3, 1, 2), (4, 1, 2), (4, 1, 3), (4, 1, 4))((1, 1, 3), (2, 1, 3), (3, 0, 3), (3, 1, 3), (4, 0, 3))((1, 1, 2), (2, 0, 2), (2, 1, 2), (3, 0, 2), (4, 0, 2))((0, 3, 2), (1, 3, 2), (2, 3, 2), (2, 4, 2), (3, 4, 2))((0, 3, 1), (1, 3, 1), (1, 4, 1), (2, 4, 1), (3, 4, 1))((0, 2, 1), (1, 2, 1), (2, 2, 1), (2, 3, 1), (3, 3, 1))((1, 3, 3), (2, 3, 3), (3, 3, 2), (3, 3, 3), (4, 3, 2))((0, 2, 2), (1, 2, 2), (2, 2, 2), (2, 2, 3), (3, 2, 3))((3, 2, 1), (3, 2, 2), (4, 2, 2), (4, 2, 3), (4, 2, 4))((0, 2, 3), (1, 2, 3), (1, 2, 4), (2, 2, 4), (3, 2, 4))
17
((0, 0, 0), (0, 0, 1), (0, 1, 1), (0, 1, 2), (0, 1, 3))((0, 0, 2), (0, 0, 3), (1, 0, 0), (1, 0, 1), (1, 0, 2))((0, 0, 4), (1, 0, 4), (1, 1, 4), (2, 1, 4), (3, 1, 4))((0, 1, 4), (0, 2, 4), (0, 3, 4), (1, 3, 4), (1, 4, 4))((0, 4, 2), (0, 4, 3), (0, 4, 4), (1, 4, 1), (1, 4, 2))((0, 3, 1), (0, 3, 2), (0, 3, 3), (0, 4, 0), (0, 4, 1))((1, 0, 3), (2, 0, 3), (2, 0, 4), (3, 0, 4), (4, 0, 4))((0, 3, 0), (1, 3, 0), (1, 4, 0), (2, 4, 0), (3, 4, 0))((0, 1, 0), (1, 1, 0), (2, 0, 0), (2, 1, 0), (3, 0, 0))((0, 2, 0), (1, 2, 0), (2, 2, 0), (2, 2, 1), (3, 2, 1))((1, 1, 1), (2, 0, 1), (2, 1, 1), (3, 0, 1), (4, 0, 1))((0, 2, 1), (0, 2, 2), (0, 2, 3), (1, 2, 3), (1, 2, 4))((1, 2, 1), (1, 2, 2), (2, 2, 2), (2, 2, 3), (2, 2, 4))((1, 1, 2), (2, 0, 2), (2, 1, 2), (3, 0, 2), (4, 0, 2))((1, 1, 3), (2, 1, 3), (3, 0, 3), (3, 1, 3), (4, 0, 3))((3, 1, 0), (3, 2, 0), (3, 3, 0), (4, 0, 0), (4, 1, 0))((3, 1, 1), (3, 1, 2), (4, 1, 2), (4, 1, 3), (4, 1, 4))((4, 2, 2), (4, 2, 3), (4, 2, 4), (4, 3, 1), (4, 3, 2))((4, 1, 1), (4, 2, 0), (4, 2, 1), (4, 3, 0), (4, 4, 0))((3, 2, 2), (3, 2, 3), (3, 2, 4), (3, 3, 1), (3, 3, 2))((4, 3, 3), (4, 3, 4), (4, 4, 1), (4, 4, 2), (4, 4, 3))((3, 3, 3), (3, 3, 4), (3, 4, 1), (3, 4, 2), (3, 4, 3))((1, 4, 3), (2, 4, 3), (2, 4, 4), (3, 4, 4), (4, 4, 4))((2, 3, 2), (2, 3, 3), (2, 3, 4), (2, 4, 1), (2, 4, 2))((1, 3, 1), (1, 3, 2), (1, 3, 3), (2, 3, 0), (2, 3, 1))
18
((0, 0, 0), (0, 0, 1), (0, 1, 1), (0, 1, 2), (0, 1, 3))((0, 0, 2), (0, 0, 3), (1, 0, 0), (1, 0, 1), (1, 0, 2))((0, 0, 4), (1, 0, 4), (1, 1, 4), (2, 1, 4), (3, 1, 4))((0, 1, 4), (0, 2, 4), (1, 2, 4), (1, 3, 4), (1, 4, 4))((0, 3, 1), (0, 3, 2), (0, 4, 2), (0, 4, 3), (0, 4, 4))((0, 2, 1), (0, 2, 2), (0, 2, 3), (0, 3, 3), (0, 3, 4))((1, 0, 3), (2, 0, 3), (2, 0, 4), (3, 0, 4), (4, 0, 4))((0, 1, 0), (1, 1, 0), (2, 0, 0), (2, 1, 0), (3, 0, 0))((0, 2, 0), (1, 2, 0), (2, 2, 0), (2, 3, 0), (3, 3, 0))((0, 3, 0), (1, 3, 0), (1, 4, 0), (2, 4, 0), (3, 4, 0))((0, 4, 0), (0, 4, 1), (1, 4, 1), (1, 4, 2), (1, 4, 3))((3, 0, 1), (3, 0, 2), (3, 0, 3), (4, 0, 0), (4, 0, 1))((2, 0, 1), (2, 1, 1), (2, 2, 1), (3, 2, 1), (3, 3, 1))((3, 1, 0), (3, 2, 0), (4, 2, 0), (4, 3, 0), (4, 4, 0))((1, 1, 1), (1, 2, 1), (1, 3, 1), (2, 3, 1), (2, 4, 1))((2, 1, 3), (2, 2, 3), (2, 2, 4), (2, 3, 4), (2, 4, 4))((1, 1, 3), (1, 2, 3), (1, 3, 3), (2, 3, 3), (2, 4, 3))((2, 0, 2), (2, 1, 2), (2, 2, 2), (3, 2, 2), (3, 3, 2))((1, 1, 2), (1, 2, 2), (1, 3, 2), (2, 3, 2), (2, 4, 2))((3, 4, 1), (3, 4, 2), (3, 4, 3), (4, 4, 3), (4, 4, 4))((4, 3, 2), (4, 3, 3), (4, 3, 4), (4, 4, 1), (4, 4, 2))((4, 0, 2), (4, 1, 2), (4, 2, 1), (4, 2, 2), (4, 3, 1))((3, 2, 4), (3, 3, 4), (3, 4, 4), (4, 1, 4), (4, 2, 4))((3, 1, 1), (3, 1, 2), (3, 1, 3), (4, 1, 0), (4, 1, 1))((3, 2, 3), (3, 3, 3), (4, 0, 3), (4, 1, 3), (4, 2, 3))
19
((0, 0, 0), (0, 0, 1), (0, 0, 2), (0, 1, 2), (0, 1, 3))((0, 0, 3), (1, 0, 2), (1, 0, 3), (2, 0, 2), (3, 0, 2))((0, 0, 4), (1, 0, 4), (2, 0, 3), (2, 0, 4), (3, 0, 3))((1, 1, 4), (2, 1, 4), (3, 0, 4), (3, 1, 4), (4, 0, 4))((0, 1, 4), (0, 2, 4), (0, 3, 4), (1, 3, 4), (1, 4, 4))((0, 3, 1), (0, 3, 2), (0, 3, 3), (0, 4, 3), (0, 4, 4))((0, 4, 0), (0, 4, 1), (0, 4, 2), (1, 4, 2), (1, 4, 3))((3, 4, 1), (3, 4, 2), (3, 4, 3), (4, 4, 3), (4, 4, 4))((3, 2, 4), (3, 3, 4), (3, 4, 4), (4, 1, 4), (4, 2, 4))((2, 3, 1), (2, 3, 2), (2, 4, 2), (2, 4, 3), (2, 4, 4))((1, 4, 1), (2, 4, 0), (2, 4, 1), (3, 4, 0), (4, 4, 0))((1, 3, 1), (1, 3, 2), (1, 3, 3), (2, 3, 3), (2, 3, 4))((0, 1, 0), (0, 2, 0), (0, 3, 0), (1, 3, 0), (1, 4, 0))((4, 3, 2), (4, 3, 3), (4, 3, 4), (4, 4, 1), (4, 4, 2))((4, 0, 1), (4, 0, 2), (4, 0, 3), (4, 1, 0), (4, 1, 1))((3, 3, 1), (3, 3, 2), (3, 3, 3), (4, 3, 0), (4, 3, 1))((1, 0, 0), (1, 1, 0), (1, 2, 0), (2, 2, 0), (2, 3, 0))((1, 0, 1), (2, 0, 0), (2, 0, 1), (3, 0, 0), (4, 0, 0))((3, 0, 1), (3, 1, 1), (3, 2, 0), (3, 2, 1), (3, 3, 0))((0, 1, 1), (1, 1, 1), (2, 1, 0), (2, 1, 1), (3, 1, 0))((4, 1, 2), (4, 1, 3), (4, 2, 0), (4, 2, 1), (4, 2, 2))((0, 2, 2), (1, 1, 2), (1, 2, 2), (2, 1, 2), (3, 1, 2))((0, 2, 1), (1, 2, 1), (2, 2, 1), (2, 2, 2), (3, 2, 2))((1, 2, 4), (2, 2, 3), (2, 2, 4), (3, 2, 3), (4, 2, 3))((0, 2, 3), (1, 1, 3), (1, 2, 3), (2, 1, 3), (3, 1, 3))
20
((0, 0, 0), (0, 0, 1), (0, 1, 1), (0, 1, 2), (0, 1, 3))((0, 0, 2), (0, 0, 3), (1, 0, 0), (1, 0, 1), (1, 0, 2))((0, 0, 4), (1, 0, 4), (2, 0, 4), (2, 1, 4), (3, 1, 4))((0, 1, 4), (0, 2, 4), (0, 3, 4), (1, 3, 4), (1, 4, 4))((0, 3, 1), (0, 3, 2), (0, 3, 3), (0, 4, 3), (0, 4, 4))((1, 1, 4), (1, 2, 4), (2, 2, 4), (2, 3, 4), (2, 4, 4))((0, 1, 0), (1, 1, 0), (2, 0, 0), (2, 1, 0), (3, 0, 0))((0, 3, 0), (1, 3, 0), (2, 3, 0), (2, 4, 0), (3, 4, 0))((0, 4, 0), (0, 4, 1), (0, 4, 2), (1, 4, 2), (1, 4, 3))((1, 4, 0), (1, 4, 1), (2, 4, 1), (2, 4, 2), (2, 4, 3))((0, 2, 0), (1, 2, 0), (2, 2, 0), (2, 2, 1), (3, 2, 1))((0, 2, 1), (1, 2, 1), (1, 3, 1), (2, 3, 1), (3, 3, 1))((1, 1, 1), (2, 0, 1), (2, 1, 1), (3, 0, 1), (4, 0, 1))((3, 0, 3), (3, 0, 4), (3, 1, 1), (3, 1, 2), (3, 1, 3))((1, 0, 3), (2, 0, 2), (2, 0, 3), (3, 0, 2), (4, 0, 2))((1, 1, 2), (2, 1, 2), (2, 2, 2), (3, 2, 2), (4, 2, 2))((1, 1, 3), (2, 1, 3), (2, 2, 3), (3, 2, 3), (4, 2, 3))((0, 2, 3), (1, 2, 3), (1, 3, 3), (2, 3, 3), (3, 3, 3))((0, 2, 2), (1, 2, 2), (1, 3, 2), (2, 3, 2), (3, 3, 2))((4, 0, 3), (4, 0, 4), (4, 1, 1), (4, 1, 2), (4, 1, 3))((3, 2, 4), (3, 3, 4), (3, 4, 4), (4, 1, 4), (4, 2, 4))((4, 3, 2), (4, 3, 3), (4, 3, 4), (4, 4, 1), (4, 4, 2))((3, 4, 1), (3, 4, 2), (3, 4, 3), (4, 4, 3), (4, 4, 4))((4, 0, 0), (4, 1, 0), (4, 2, 0), (4, 2, 1), (4, 3, 1))((3, 1, 0), (3, 2, 0), (3, 3, 0), (4, 3, 0), (4, 4, 0))
21
((0, 0, 0), (0, 0, 1), (1, 0, 1), (1, 0, 2), (1, 0, 3))((0, 0, 2), (0, 0, 3), (0, 0, 4), (0, 1, 1), (0, 1, 2))((3, 0, 1), (3, 0, 2), (3, 0, 3), (4, 0, 3), (4, 0, 4))((3, 2, 0), (3, 3, 0), (4, 0, 0), (4, 1, 0), (4, 2, 0))((0, 1, 0), (1, 0, 0), (1, 1, 0), (2, 0, 0), (3, 0, 0))((4, 0, 1), (4, 0, 2), (4, 1, 2), (4, 1, 3), (4, 1, 4))((0, 2, 0), (1, 2, 0), (2, 1, 0), (2, 2, 0), (3, 1, 0))((0, 3, 1), (0, 3, 2), (0, 3, 3), (0, 4, 0), (0, 4, 1))((0, 3, 0), (1, 3, 0), (2, 3, 0), (2, 4, 0), (3, 4, 0))((3, 4, 1), (3, 4, 2), (3, 4, 3), (4, 4, 0), (4, 4, 1))((0, 4, 2), (0, 4, 3), (1, 4, 0), (1, 4, 1), (1, 4, 2))((3, 1, 3), (3, 2, 3), (4, 2, 3), (4, 3, 3), (4, 4, 3))((3, 3, 1), (3, 3, 2), (3, 3, 3), (4, 3, 0), (4, 3, 1))((4, 1, 1), (4, 2, 1), (4, 2, 2), (4, 3, 2), (4, 4, 2))((2, 2, 1), (2, 3, 1), (2, 4, 1), (3, 1, 1), (3, 2, 1))((1, 1, 1), (1, 2, 1), (1, 3, 1), (2, 0, 1), (2, 1, 1))((0, 1, 3), (0, 1, 4), (0, 2, 1), (0, 2, 2), (0, 2, 3))((2, 2, 2), (2, 3, 2), (2, 4, 2), (3, 1, 2), (3, 2, 2))((1, 1, 2), (1, 2, 2), (1, 3, 2), (2, 0, 2), (2, 1, 2))((3, 0, 4), (3, 1, 4), (3, 2, 4), (4, 2, 4), (4, 3, 4))((1, 4, 3), (2, 4, 3), (2, 4, 4), (3, 4, 4), (4, 4, 4))((2, 0, 4), (2, 1, 4), (2, 2, 3), (2, 2, 4), (2, 3, 3))((1, 1, 3), (1, 2, 3), (1, 3, 3), (2, 0, 3), (2, 1, 3))((0, 4, 4), (1, 3, 4), (1, 4, 4), (2, 3, 4), (3, 3, 4))((0, 2, 4), (0, 3, 4), (1, 0, 4), (1, 1, 4), (1, 2, 4))
22
((0, 0, 0), (0, 0, 1), (1, 0, 1), (1, 0, 2), (1, 0, 3))((0, 0, 2), (0, 0, 3), (0, 0, 4), (0, 1, 1), (0, 1, 2))((3, 0, 1), (3, 0, 2), (3, 0, 3), (4, 0, 3), (4, 0, 4))((4, 0, 0), (4, 0, 1), (4, 0, 2), (4, 1, 2), (4, 1, 3))((1, 0, 0), (2, 0, 0), (3, 0, 0), (3, 1, 0), (4, 1, 0))((0, 1, 0), (0, 2, 0), (0, 2, 1), (0, 3, 1), (0, 4, 1))((0, 3, 0), (0, 4, 0), (1, 1, 0), (1, 2, 0), (1, 3, 0))((4, 1, 1), (4, 2, 0), (4, 2, 1), (4, 3, 0), (4, 4, 0))((0, 4, 2), (0, 4, 3), (1, 4, 0), (1, 4, 1), (1, 4, 2))((2, 4, 0), (2, 4, 1), (2, 4, 2), (3, 4, 2), (3, 4, 3))((3, 4, 0), (3, 4, 1), (4, 4, 1), (4, 4, 2), (4, 4, 3))((1, 4, 3), (2, 4, 3), (2, 4, 4), (3, 4, 4), (4, 4, 4))((0, 4, 4), (1, 3, 4), (1, 4, 4), (2, 3, 4), (3, 3, 4))((0, 3, 2), (0, 3, 3), (0, 3, 4), (1, 3, 1), (1, 3, 2))((3, 0, 4), (3, 1, 4), (4, 1, 4), (4, 2, 4), (4, 3, 4))((1, 0, 4), (1, 1, 4), (1, 2, 3), (1, 2, 4), (1, 3, 3))((0, 2, 2), (0, 2, 3), (0, 2, 4), (1, 2, 1), (1, 2, 2))((3, 3, 0), (3, 3, 1), (4, 3, 1), (4, 3, 2), (4, 3, 3))((0, 1, 3), (0, 1, 4), (1, 1, 1), (1, 1, 2), (1, 1, 3))((3, 2, 0), (3, 2, 1), (3, 2, 2), (4, 2, 2), (4, 2, 3))((2, 3, 0), (2, 3, 1), (2, 3, 2), (3, 3, 2), (3, 3, 3))((2, 1, 2), (2, 1, 3), (2, 2, 0), (2, 2, 1), (2, 2, 2))((2, 0, 1), (2, 0, 2), (2, 0, 3), (2, 1, 0), (2, 1, 1))((3, 1, 1), (3, 1, 2), (3, 1, 3), (3, 2, 3), (3, 2, 4))((2, 0, 4), (2, 1, 4), (2, 2, 3), (2, 2, 4), (2, 3, 3))
23
((0, 0, 0), (0, 0, 1), (1, 0, 1), (1, 0, 2), (1, 0, 3))((0, 0, 2), (0, 0, 3), (0, 0, 4), (0, 1, 1), (0, 1, 2))((3, 0, 1), (3, 0, 2), (3, 0, 3), (4, 0, 3), (4, 0, 4))((4, 0, 0), (4, 0, 1), (4, 0, 2), (4, 1, 2), (4, 1, 3))((3, 0, 0), (3, 1, 0), (3, 2, 0), (3, 2, 1), (3, 3, 1))((3, 1, 1), (3, 1, 2), (3, 1, 3), (4, 1, 0), (4, 1, 1))((3, 2, 2), (3, 2, 3), (4, 2, 0), (4, 2, 1), (4, 2, 2))((4, 1, 4), (4, 2, 3), (4, 2, 4), (4, 3, 3), (4, 4, 3))((3, 3, 2), (3, 3, 3), (4, 3, 0), (4, 3, 1), (4, 3, 2))((0, 1, 4), (1, 0, 4), (1, 1, 4), (2, 0, 4), (3, 0, 4))((3, 1, 4), (3, 2, 4), (3, 3, 4), (4, 3, 4), (4, 4, 4))((0, 1, 3), (0, 2, 3), (0, 2, 4), (0, 3, 4), (0, 4, 4))((0, 2, 1), (0, 2, 2), (1, 2, 2), (1, 2, 3), (1, 2, 4))((0, 1, 0), (0, 2, 0), (0, 3, 0), (1, 0, 0), (1, 1, 0))((1, 1, 1), (1, 1, 2), (1, 1, 3), (1, 2, 0), (1, 2, 1))((2, 0, 0), (2, 1, 0), (2, 2, 0), (2, 2, 1), (2, 3, 1))((2, 0, 1), (2, 0, 2), (2, 0, 3), (2, 1, 3), (2, 1, 4))((2, 1, 1), (2, 1, 2), (2, 2, 2), (2, 2, 3), (2, 2, 4))((0, 3, 1), (0, 3, 2), (0, 3, 3), (1, 3, 3), (1, 3, 4))((1, 3, 0), (2, 3, 0), (3, 3, 0), (3, 4, 0), (4, 4, 0))((1, 3, 1), (1, 3, 2), (2, 3, 2), (2, 3, 3), (2, 3, 4))((3, 4, 2), (3, 4, 3), (3, 4, 4), (4, 4, 1), (4, 4, 2))((1, 4, 1), (1, 4, 2), (2, 4, 2), (2, 4, 3), (2, 4, 4))((0, 4, 1), (0, 4, 2), (0, 4, 3), (1, 4, 3), (1, 4, 4))((0, 4, 0), (1, 4, 0), (2, 4, 0), (2, 4, 1), (3, 4, 1))
24
((0, 0, 0), (0, 0, 1), (0, 0, 2), (0, 1, 2), (0, 1, 3))((0, 0, 3), (1, 0, 3), (1, 1, 3), (2, 1, 3), (3, 1, 3))((0, 0, 4), (1, 0, 4), (1, 1, 4), (2, 1, 4), (3, 1, 4))((1, 0, 1), (1, 0, 2), (2, 0, 2), (2, 0, 3), (2, 0, 4))((3, 0, 2), (3, 0, 3), (3, 0, 4), (3, 1, 1), (3, 1, 2))((0, 1, 4), (0, 2, 3), (0, 2, 4), (0, 3, 3), (0, 4, 3))((0, 4, 4), (1, 4, 3), (1, 4, 4), (2, 4, 3), (3, 4, 3))((0, 3, 4), (1, 3, 4), (2, 3, 4), (2, 4, 4), (3, 4, 4))((1, 0, 0), (2, 0, 0), (2, 0, 1), (3, 0, 1), (4, 0, 1))((1, 1, 0), (2, 1, 0), (3, 0, 0), (3, 1, 0), (4, 0, 0))((0, 1, 0), (0, 2, 0), (0, 3, 0), (0, 3, 1), (0, 4, 1))((0, 1, 1), (0, 2, 1), (0, 2, 2), (0, 3, 2), (0, 4, 2))((0, 4, 0), (1, 3, 0), (1, 4, 0), (2, 3, 0), (3, 3, 0))((1, 4, 1), (2, 4, 0), (2, 4, 1), (3, 4, 0), (4, 4, 0))((1, 1, 1), (1, 1, 2), (1, 2, 2), (1, 2, 3), (1, 2, 4))((1, 4, 2), (2, 4, 2), (3, 4, 1), (3, 4, 2), (4, 4, 1))((2, 1, 1), (2, 1, 2), (2, 2, 2), (2, 2, 3), (2, 2, 4))((1, 2, 0), (1, 2, 1), (1, 3, 1), (1, 3, 2), (1, 3, 3))((2, 2, 0), (2, 2, 1), (2, 3, 1), (2, 3, 2), (2, 3, 3))((4, 0, 2), (4, 0, 3), (4, 1, 0), (4, 1, 1), (4, 1, 2))((3, 2, 4), (3, 3, 4), (4, 0, 4), (4, 1, 4), (4, 2, 4))((3, 2, 2), (3, 2, 3), (4, 2, 0), (4, 2, 1), (4, 2, 2))((3, 2, 0), (3, 2, 1), (3, 3, 1), (3, 3, 2), (3, 3, 3))((4, 3, 0), (4, 3, 1), (4, 3, 2), (4, 4, 2), (4, 4, 3))((4, 1, 3), (4, 2, 3), (4, 3, 3), (4, 3, 4), (4, 4, 4))
25
((0, 0, 0), (0, 0, 1), (0, 1, 1), (0, 1, 2), (0, 1, 3))((0, 0, 2), (0, 0, 3), (0, 0, 4), (1, 0, 1), (1, 0, 2))((0, 4, 2), (0, 4, 3), (0, 4, 4), (1, 4, 1), (1, 4, 2))((0, 1, 0), (0, 2, 0), (0, 3, 0), (0, 3, 1), (0, 4, 1))((0, 4, 0), (1, 4, 0), (2, 4, 0), (2, 4, 1), (3, 4, 1))((1, 3, 0), (2, 3, 0), (3, 3, 0), (3, 4, 0), (4, 4, 0))((1, 0, 0), (2, 0, 0), (2, 0, 1), (3, 0, 1), (4, 0, 1))((1, 1, 0), (2, 1, 0), (3, 0, 0), (3, 1, 0), (4, 0, 0))((4, 3, 0), (4, 3, 1), (4, 4, 1), (4, 4, 2), (4, 4, 3))((4, 0, 2), (4, 0, 3), (4, 1, 0), (4, 1, 1), (4, 1, 2))((3, 2, 2), (3, 2, 3), (4, 2, 0), (4, 2, 1), (4, 2, 2))((3, 0, 2), (3, 0, 3), (3, 0, 4), (3, 1, 1), (3, 1, 2))((0, 3, 2), (1, 3, 2), (2, 3, 2), (2, 4, 2), (3, 4, 2))((1, 3, 1), (2, 3, 1), (3, 3, 1), (3, 3, 2), (4, 3, 2))((0, 2, 2), (1, 2, 2), (2, 2, 1), (2, 2, 2), (3, 2, 1))((0, 2, 1), (1, 2, 0), (1, 2, 1), (2, 2, 0), (3, 2, 0))((2, 0, 2), (2, 0, 3), (2, 0, 4), (2, 1, 1), (2, 1, 2))((1, 0, 3), (1, 0, 4), (1, 1, 1), (1, 1, 2), (1, 1, 3))((0, 3, 3), (1, 3, 3), (1, 4, 3), (2, 4, 3), (3, 4, 3))((0, 2, 3), (1, 2, 3), (2, 2, 3), (2, 3, 3), (3, 3, 3))((0, 1, 4), (1, 1, 4), (2, 1, 3), (2, 1, 4), (3, 1, 3))((0, 2, 4), (1, 2, 4), (2, 2, 4), (2, 3, 4), (3, 3, 4))((0, 3, 4), (1, 3, 4), (1, 4, 4), (2, 4, 4), (3, 4, 4))((3, 1, 4), (3, 2, 4), (4, 2, 4), (4, 3, 4), (4, 4, 4))((4, 0, 4), (4, 1, 3), (4, 1, 4), (4, 2, 3), (4, 3, 3))
26
((0, 0, 0), (0, 0, 1), (1, 0, 1), (1, 0, 2), (1, 0, 3))((0, 0, 2), (0, 1, 2), (0, 2, 1), (0, 2, 2), (0, 3, 1))((0, 0, 3), (0, 1, 3), (0, 2, 3), (1, 2, 3), (1, 3, 3))((0, 0, 4), (1, 0, 4), (2, 0, 3), (2, 0, 4), (3, 0, 3))((0, 3, 2), (0, 3, 3), (0, 3, 4), (0, 4, 1), (0, 4, 2))((0, 4, 3), (0, 4, 4), (1, 4, 1), (1, 4, 2), (1, 4, 3))((0, 2, 0), (0, 3, 0), (0, 4, 0), (1, 1, 0), (1, 2, 0))((0, 1, 0), (0, 1, 1), (1, 1, 1), (1, 1, 2), (1, 1, 3))((1, 0, 0), (2, 0, 0), (2, 1, 0), (3, 1, 0), (4, 1, 0))((4, 0, 0), (4, 0, 1), (4, 1, 1), (4, 1, 2), (4, 1, 3))((3, 0, 0), (3, 0, 1), (3, 0, 2), (4, 0, 2), (4, 0, 3))((1, 4, 0), (2, 4, 0), (3, 3, 0), (3, 4, 0), (4, 3, 0))((1, 3, 0), (2, 2, 0), (2, 3, 0), (3, 2, 0), (4, 2, 0))((3, 4, 1), (3, 4, 2), (3, 4, 3), (4, 4, 0), (4, 4, 1))((4, 3, 1), (4, 3, 2), (4, 4, 2), (4, 4, 3), (4, 4, 4))((1, 2, 1), (1, 3, 1), (2, 0, 1), (2, 1, 1), (2, 2, 1))((1, 1, 4), (2, 1, 4), (3, 0, 4), (3, 1, 4), (4, 0, 4))((0, 1, 4), (0, 2, 4), (1, 2, 4), (1, 3, 4), (1, 4, 4))((3, 2, 4), (3, 3, 4), (3, 4, 4), (4, 1, 4), (4, 2, 4))((2, 3, 1), (2, 4, 1), (3, 1, 1), (3, 2, 1), (3, 3, 1))((2, 1, 3), (2, 2, 3), (2, 2, 4), (2, 3, 4), (2, 4, 4))((2, 3, 3), (2, 4, 3), (3, 1, 3), (3, 2, 3), (3, 3, 3))((4, 2, 1), (4, 2, 2), (4, 2, 3), (4, 3, 3), (4, 3, 4))((1, 2, 2), (1, 3, 2), (2, 0, 2), (2, 1, 2), (2, 2, 2))((2, 3, 2), (2, 4, 2), (3, 1, 2), (3, 2, 2), (3, 3, 2))
27
((0, 0, 0), (0, 0, 1), (0, 1, 1), (0, 1, 2), (0, 1, 3))((0, 0, 2), (0, 0, 3), (0, 0, 4), (1, 0, 1), (1, 0, 2))((0, 3, 1), (0, 3, 2), (0, 4, 2), (0, 4, 3), (0, 4, 4))((0, 4, 1), (1, 4, 1), (1, 4, 2), (2, 4, 2), (3, 4, 2))((0, 4, 0), (1, 4, 0), (2, 4, 0), (2, 4, 1), (3, 4, 1))((0, 1, 0), (0, 2, 0), (0, 3, 0), (1, 0, 0), (1, 1, 0))((1, 3, 0), (2, 3, 0), (3, 3, 0), (3, 4, 0), (4, 4, 0))((3, 0, 1), (3, 0, 2), (3, 0, 3), (4, 0, 0), (4, 0, 1))((2, 0, 0), (2, 0, 1), (2, 0, 2), (2, 1, 2), (2, 1, 3))((1, 0, 3), (2, 0, 3), (2, 0, 4), (3, 0, 4), (4, 0, 4))((3, 0, 0), (3, 1, 0), (3, 2, 0), (4, 2, 0), (4, 3, 0))((1, 1, 1), (1, 1, 2), (1, 1, 3), (2, 1, 0), (2, 1, 1))((0, 1, 4), (0, 2, 4), (0, 3, 4), (1, 0, 4), (1, 1, 4))((4, 0, 2), (4, 0, 3), (4, 1, 0), (4, 1, 1), (4, 1, 2))((3, 1, 1), (3, 1, 2), (3, 1, 3), (4, 1, 3), (4, 1, 4))((4, 3, 3), (4, 3, 4), (4, 4, 1), (4, 4, 2), (4, 4, 3))((1, 2, 4), (1, 3, 4), (1, 4, 4), (2, 1, 4), (2, 2, 4))((1, 4, 3), (2, 4, 3), (2, 4, 4), (3, 4, 4), (4, 4, 4))((3, 1, 4), (3, 2, 3), (3, 2, 4), (3, 3, 3), (3, 4, 3))((0, 3, 3), (1, 3, 3), (2, 3, 3), (2, 3, 4), (3, 3, 4))((4, 2, 2), (4, 2, 3), (4, 2, 4), (4, 3, 1), (4, 3, 2))((0, 2, 2), (1, 2, 2), (1, 3, 2), (2, 3, 2), (3, 3, 2))((1, 2, 0), (2, 2, 0), (2, 2, 1), (3, 2, 1), (4, 2, 1))((0, 2, 3), (1, 2, 3), (2, 2, 2), (2, 2, 3), (3, 2, 2))((0, 2, 1), (1, 2, 1), (1, 3, 1), (2, 3, 1), (3, 3, 1))
28
((0, 0, 0), (0, 0, 1), (0, 0, 2), (1, 0, 2), (1, 0, 3))((0, 0, 3), (0, 1, 3), (0, 1, 4), (0, 2, 4), (0, 3, 4))((0, 0, 4), (1, 0, 4), (2, 0, 3), (2, 0, 4), (3, 0, 3))((1, 1, 4), (2, 1, 4), (3, 0, 4), (3, 1, 4), (4, 0, 4))((0, 4, 4), (1, 4, 4), (2, 3, 4), (2, 4, 4), (3, 3, 4))((3, 4, 1), (3, 4, 2), (4, 4, 2), (4, 4, 3), (4, 4, 4))((2, 4, 1), (2, 4, 2), (2, 4, 3), (3, 4, 3), (3, 4, 4))((4, 0, 3), (4, 1, 3), (4, 1, 4), (4, 2, 4), (4, 3, 4))((4, 3, 1), (4, 3, 2), (4, 3, 3), (4, 4, 0), (4, 4, 1))((1, 0, 1), (2, 0, 1), (3, 0, 0), (3, 0, 1), (4, 0, 0))((4, 0, 1), (4, 1, 1), (4, 2, 0), (4, 2, 1), (4, 3, 0))((1, 1, 2), (2, 0, 2), (2, 1, 2), (3, 0, 2), (4, 0, 2))((1, 1, 3), (2, 1, 3), (3, 1, 2), (3, 1, 3), (4, 1, 2))((1, 0, 0), (2, 0, 0), (2, 1, 0), (3, 1, 0), (4, 1, 0))((0, 3, 0), (1, 3, 0), (1, 4, 0), (2, 4, 0), (3, 4, 0))((0, 1, 0), (1, 1, 0), (1, 1, 1), (2, 1, 1), (3, 1, 1))((0, 1, 2), (0, 2, 2), (0, 2, 3), (0, 3, 3), (0, 4, 3))((0, 4, 0), (0, 4, 1), (0, 4, 2), (1, 4, 2), (1, 4, 3))((0, 1, 1), (0, 2, 1), (1, 2, 1), (1, 3, 1), (1, 4, 1))((0, 3, 1), (0, 3, 2), (1, 3, 2), (1, 3, 3), (1, 3, 4))((0, 2, 0), (1, 2, 0), (2, 2, 0), (2, 3, 0), (3, 3, 0))((2, 2, 3), (2, 2, 4), (2, 3, 1), (2, 3, 2), (2, 3, 3))((3, 2, 0), (3, 2, 1), (3, 2, 2), (4, 2, 2), (4, 2, 3))((3, 2, 3), (3, 2, 4), (3, 3, 1), (3, 3, 2), (3, 3, 3))((1, 2, 2), (1, 2, 3), (1, 2, 4), (2, 2, 1), (2, 2, 2))
29
((0, 0, 0), (0, 0, 1), (0, 0, 2), (1, 0, 2), (1, 0, 3))((0, 0, 3), (0, 1, 3), (0, 1, 4), (0, 2, 4), (0, 3, 4))((0, 0, 4), (1, 0, 4), (2, 0, 3), (2, 0, 4), (3, 0, 3))((1, 1, 4), (2, 1, 4), (3, 0, 4), (3, 1, 4), (4, 0, 4))((0, 4, 4), (1, 3, 4), (1, 4, 4), (2, 3, 4), (3, 3, 4))((1, 4, 3), (2, 4, 3), (2, 4, 4), (3, 4, 4), (4, 4, 4))((0, 4, 2), (0, 4, 3), (1, 4, 0), (1, 4, 1), (1, 4, 2))((0, 3, 1), (0, 3, 2), (0, 3, 3), (0, 4, 0), (0, 4, 1))((0, 3, 0), (1, 3, 0), (2, 3, 0), (2, 4, 0), (3, 4, 0))((0, 2, 0), (1, 2, 0), (2, 1, 0), (2, 2, 0), (3, 1, 0))((0, 1, 0), (1, 0, 0), (1, 1, 0), (2, 0, 0), (3, 0, 0))((3, 2, 0), (3, 3, 0), (4, 0, 0), (4, 1, 0), (4, 2, 0))((4, 1, 1), (4, 2, 1), (4, 3, 0), (4, 3, 1), (4, 4, 0))((4, 0, 1), (4, 0, 2), (4, 0, 3), (4, 1, 3), (4, 1, 4))((3, 2, 1), (3, 2, 2), (4, 2, 2), (4, 2, 3), (4, 2, 4))((1, 3, 3), (2, 3, 3), (3, 3, 3), (3, 4, 3), (4, 4, 3))((3, 3, 1), (3, 3, 2), (4, 3, 2), (4, 3, 3), (4, 3, 4))((1, 3, 2), (2, 3, 2), (2, 4, 2), (3, 4, 2), (4, 4, 2))((0, 1, 2), (1, 1, 2), (2, 0, 2), (2, 1, 2), (3, 0, 2))((1, 3, 1), (2, 3, 1), (2, 4, 1), (3, 4, 1), (4, 4, 1))((0, 1, 1), (1, 0, 1), (1, 1, 1), (2, 0, 1), (3, 0, 1))((1, 1, 3), (2, 1, 3), (3, 1, 2), (3, 1, 3), (4, 1, 2))((0, 2, 1), (1, 2, 1), (2, 1, 1), (2, 2, 1), (3, 1, 1))((0, 2, 2), (1, 2, 2), (2, 2, 2), (2, 2, 3), (3, 2, 3))((0, 2, 3), (1, 2, 3), (1, 2, 4), (2, 2, 4), (3, 2, 4))
30
((0, 0, 0), (0, 0, 1), (0, 0, 2), (1, 0, 2), (1, 0, 3))((0, 0, 3), (0, 1, 3), (0, 1, 4), (0, 2, 4), (0, 3, 4))((0, 0, 4), (1, 0, 4), (2, 0, 3), (2, 0, 4), (3, 0, 3))((1, 1, 4), (2, 1, 4), (3, 0, 4), (3, 1, 4), (4, 0, 4))((0, 3, 1), (0, 3, 2), (0, 3, 3), (0, 4, 3), (0, 4, 4))((0, 4, 0), (0, 4, 1), (0, 4, 2), (1, 4, 2), (1, 4, 3))((1, 4, 4), (2, 4, 3), (2, 4, 4), (3, 4, 3), (4, 4, 3))((1, 3, 4), (2, 3, 4), (3, 3, 4), (3, 4, 4), (4, 4, 4))((4, 0, 1), (4, 0, 2), (4, 0, 3), (4, 1, 3), (4, 1, 4))((4, 3, 2), (4, 3, 3), (4, 3, 4), (4, 4, 1), (4, 4, 2))((3, 2, 1), (3, 2, 2), (4, 2, 2), (4, 2, 3), (4, 2, 4))((3, 3, 2), (3, 3, 3), (3, 4, 0), (3, 4, 1), (3, 4, 2))((0, 1, 2), (1, 1, 2), (2, 0, 2), (2, 1, 2), (3, 0, 2))((1, 1, 3), (2, 1, 3), (3, 1, 2), (3, 1, 3), (4, 1, 2))((2, 3, 2), (2, 3, 3), (2, 4, 0), (2, 4, 1), (2, 4, 2))((0, 2, 2), (1, 2, 2), (2, 2, 2), (2, 2, 3), (3, 2, 3))((0, 2, 3), (1, 2, 3), (1, 2, 4), (2, 2, 4), (3, 2, 4))((1, 3, 1), (1, 3, 2), (1, 3, 3), (1, 4, 0), (1, 4, 1))((0, 1, 1), (1, 0, 1), (1, 1, 1), (2, 0, 1), (3, 0, 1))((0, 2, 1), (1, 2, 1), (2, 1, 1), (2, 2, 1), (3, 1, 1))((0, 3, 0), (1, 3, 0), (2, 3, 0), (2, 3, 1), (3, 3, 1))((0, 2, 0), (1, 2, 0), (2, 1, 0), (2, 2, 0), (3, 1, 0))((0, 1, 0), (1, 0, 0), (1, 1, 0), (2, 0, 0), (3, 0, 0))((3, 2, 0), (3, 3, 0), (4, 0, 0), (4, 1, 0), (4, 2, 0))((4, 1, 1), (4, 2, 1), (4, 3, 0), (4, 3, 1), (4, 4, 0))
31
((0, 0, 0), (0, 0, 1), (0, 0, 2), (0, 1, 2), (0, 1, 3))((0, 0, 3), (1, 0, 3), (2, 0, 2), (2, 0, 3), (3, 0, 2))((0, 0, 4), (0, 1, 4), (0, 2, 4), (1, 2, 4), (1, 3, 4))((1, 0, 4), (2, 0, 4), (3, 0, 3), (3, 0, 4), (4, 0, 3))((4, 0, 4), (4, 1, 4), (4, 2, 3), (4, 2, 4), (4, 3, 3))((4, 0, 0), (4, 0, 1), (4, 0, 2), (4, 1, 2), (4, 1, 3))((1, 0, 1), (1, 0, 2), (1, 1, 2), (1, 1, 3), (1, 1, 4))((3, 1, 4), (3, 2, 4), (3, 3, 4), (4, 3, 4), (4, 4, 4))((0, 3, 1), (0, 3, 2), (0, 4, 2), (0, 4, 3), (0, 4, 4))((0, 2, 1), (0, 2, 2), (0, 2, 3), (0, 3, 3), (0, 3, 4))((0, 1, 1), (1, 1, 1), (2, 0, 1), (2, 1, 1), (3, 0, 1))((1, 4, 4), (2, 4, 4), (3, 4, 3), (3, 4, 4), (4, 4, 3))((2, 1, 2), (2, 1, 3), (2, 1, 4), (2, 2, 1), (2, 2, 2))((1, 2, 1), (1, 2, 2), (1, 2, 3), (2, 2, 3), (2, 2, 4))((3, 1, 2), (3, 2, 2), (4, 2, 2), (4, 3, 2), (4, 4, 2))((3, 1, 3), (3, 2, 3), (3, 3, 2), (3, 3, 3), (3, 4, 2))((1, 3, 1), (1, 3, 2), (1, 3, 3), (2, 3, 3), (2, 3, 4))((2, 3, 0), (2, 3, 1), (2, 3, 2), (2, 4, 2), (2, 4, 3))((0, 4, 0), (0, 4, 1), (1, 4, 1), (1, 4, 2), (1, 4, 3))((1, 4, 0), (2, 4, 0), (2, 4, 1), (3, 4, 1), (4, 4, 1))((4, 1, 1), (4, 2, 1), (4, 3, 0), (4, 3, 1), (4, 4, 0))((1, 2, 0), (1, 3, 0), (2, 0, 0), (2, 1, 0), (2, 2, 0))((0, 1, 0), (0, 2, 0), (0, 3, 0), (1, 0, 0), (1, 1, 0))((3, 2, 0), (3, 3, 0), (3, 4, 0), (4, 1, 0), (4, 2, 0))((3, 0, 0), (3, 1, 0), (3, 1, 1), (3, 2, 1), (3, 3, 1))
32
((0, 0, 0), (0, 0, 1), (1, 0, 1), (1, 0, 2), (1, 0, 3))((0, 0, 2), (0, 0, 3), (0, 1, 0), (0, 1, 1), (0, 1, 2))((0, 0, 4), (0, 1, 4), (1, 1, 4), (1, 2, 4), (1, 3, 4))((1, 0, 4), (2, 0, 4), (3, 0, 3), (3, 0, 4), (4, 0, 3))((4, 0, 4), (4, 1, 4), (4, 2, 3), (4, 2, 4), (4, 3, 3))((0, 1, 3), (0, 2, 3), (0, 2, 4), (0, 3, 4), (0, 4, 4))((3, 1, 4), (3, 2, 4), (3, 3, 4), (4, 3, 4), (4, 4, 4))((4, 0, 0), (4, 0, 1), (4, 0, 2), (4, 1, 2), (4, 1, 3))((0, 2, 0), (0, 3, 0), (1, 0, 0), (1, 1, 0), (1, 2, 0))((2, 0, 0), (2, 1, 0), (2, 2, 0), (3, 2, 0), (3, 3, 0))((3, 0, 0), (3, 1, 0), (4, 1, 0), (4, 2, 0), (4, 3, 0))((1, 3, 0), (2, 3, 0), (2, 4, 0), (3, 4, 0), (4, 4, 0))((0, 4, 0), (1, 4, 0), (1, 4, 1), (2, 4, 1), (3, 4, 1))((0, 2, 1), (0, 3, 1), (0, 4, 1), (1, 1, 1), (1, 2, 1))((3, 4, 3), (3, 4, 4), (4, 4, 1), (4, 4, 2), (4, 4, 3))((1, 3, 1), (1, 3, 2), (1, 4, 2), (1, 4, 3), (1, 4, 4))((0, 2, 2), (0, 3, 2), (0, 4, 2), (1, 1, 2), (1, 2, 2))((3, 0, 1), (3, 1, 1), (4, 1, 1), (4, 2, 1), (4, 3, 1))((0, 3, 3), (0, 4, 3), (1, 1, 3), (1, 2, 3), (1, 3, 3))((3, 0, 2), (3, 1, 2), (3, 2, 2), (4, 2, 2), (4, 3, 2))((2, 0, 1), (2, 1, 1), (2, 2, 1), (3, 2, 1), (3, 3, 1))((3, 1, 3), (3, 2, 3), (3, 3, 2), (3, 3, 3), (3, 4, 2))((2, 0, 2), (2, 1, 2), (2, 2, 2), (2, 2, 3), (2, 3, 3))((2, 0, 3), (2, 1, 3), (2, 1, 4), (2, 2, 4), (2, 3, 4))((2, 3, 1), (2, 3, 2), (2, 4, 2), (2, 4, 3), (2, 4, 4))
33
((0, 0, 0), (0, 0, 1), (1, 0, 1), (1, 0, 2), (1, 0, 3))((0, 0, 2), (0, 0, 3), (0, 1, 0), (0, 1, 1), (0, 1, 2))((0, 0, 4), (0, 1, 4), (1, 1, 4), (1, 2, 4), (1, 3, 4))((1, 0, 4), (2, 0, 4), (2, 1, 4), (3, 1, 4), (4, 1, 4))((3, 0, 1), (3, 0, 2), (4, 0, 2), (4, 0, 3), (4, 0, 4))((2, 0, 1), (2, 0, 2), (2, 0, 3), (3, 0, 3), (3, 0, 4))((0, 1, 3), (0, 2, 3), (0, 2, 4), (0, 3, 4), (0, 4, 4))((4, 0, 0), (4, 0, 1), (4, 1, 1), (4, 1, 2), (4, 1, 3))((1, 2, 3), (2, 2, 3), (2, 2, 4), (3, 2, 4), (4, 2, 4))((1, 1, 3), (2, 1, 3), (3, 1, 3), (3, 2, 3), (4, 2, 3))((4, 3, 1), (4, 3, 2), (4, 3, 3), (4, 4, 3), (4, 4, 4))((1, 4, 4), (2, 3, 4), (2, 4, 4), (3, 3, 4), (4, 3, 4))((3, 4, 2), (3, 4, 3), (3, 4, 4), (4, 4, 1), (4, 4, 2))((1, 1, 2), (2, 1, 2), (3, 1, 2), (3, 2, 2), (4, 2, 2))((0, 2, 2), (1, 2, 2), (2, 2, 2), (2, 3, 2), (3, 3, 2))((0, 4, 3), (1, 4, 3), (2, 3, 3), (2, 4, 3), (3, 3, 3))((0, 4, 2), (1, 4, 2), (2, 4, 1), (2, 4, 2), (3, 4, 1))((0, 3, 1), (0, 3, 2), (0, 3, 3), (0, 4, 0), (0, 4, 1))((1, 3, 1), (1, 3, 2), (1, 3, 3), (1, 4, 0), (1, 4, 1))((1, 3, 0), (2, 3, 0), (2, 4, 0), (3, 4, 0), (4, 4, 0))((0, 2, 0), (0, 3, 0), (1, 0, 0), (1, 1, 0), (1, 2, 0))((3, 0, 0), (3, 1, 0), (4, 1, 0), (4, 2, 0), (4, 3, 0))((0, 2, 1), (1, 2, 1), (2, 2, 1), (2, 3, 1), (3, 3, 1))((1, 1, 1), (2, 1, 1), (3, 1, 1), (3, 2, 1), (4, 2, 1))((2, 0, 0), (2, 1, 0), (2, 2, 0), (3, 2, 0), (3, 3, 0))
34
((0, 0, 0), (0, 0, 1), (1, 0, 1), (1, 0, 2), (1, 0, 3))((0, 0, 2), (0, 0, 3), (0, 1, 0), (0, 1, 1), (0, 1, 2))((0, 0, 4), (0, 1, 4), (1, 1, 4), (1, 2, 4), (1, 3, 4))((1, 0, 4), (2, 0, 4), (3, 0, 4), (3, 1, 4), (4, 1, 4))((4, 0, 2), (4, 0, 3), (4, 0, 4), (4, 1, 1), (4, 1, 2))((3, 0, 1), (3, 0, 2), (3, 0, 3), (4, 0, 0), (4, 0, 1))((0, 1, 3), (0, 2, 3), (0, 2, 4), (0, 3, 4), (0, 4, 4))((4, 1, 3), (4, 2, 3), (4, 2, 4), (4, 3, 4), (4, 4, 4))((3, 0, 0), (3, 1, 0), (4, 1, 0), (4, 2, 0), (4, 3, 0))((0, 2, 0), (0, 3, 0), (1, 0, 0), (1, 1, 0), (1, 2, 0))((2, 0, 0), (2, 1, 0), (2, 2, 0), (2, 2, 1), (2, 3, 1))((0, 2, 1), (0, 3, 1), (0, 4, 1), (1, 1, 1), (1, 2, 1))((3, 2, 2), (3, 2, 3), (3, 2, 4), (4, 2, 1), (4, 2, 2))((3, 1, 1), (3, 1, 2), (3, 1, 3), (3, 2, 0), (3, 2, 1))((2, 0, 1), (2, 0, 2), (2, 0, 3), (2, 1, 3), (2, 1, 4))((2, 1, 1), (2, 1, 2), (2, 2, 2), (2, 2, 3), (2, 2, 4))((0, 2, 2), (0, 3, 2), (0, 4, 2), (1, 1, 2), (1, 2, 2))((0, 3, 3), (0, 4, 3), (1, 1, 3), (1, 2, 3), (1, 3, 3))((3, 3, 3), (3, 3, 4), (4, 3, 1), (4, 3, 2), (4, 3, 3))((0, 4, 0), (1, 3, 0), (1, 4, 0), (2, 3, 0), (3, 3, 0))((2, 3, 2), (2, 3, 3), (2, 3, 4), (3, 3, 1), (3, 3, 2))((1, 3, 1), (1, 3, 2), (1, 4, 2), (1, 4, 3), (1, 4, 4))((2, 4, 2), (2, 4, 3), (2, 4, 4), (3, 4, 1), (3, 4, 2))((3, 4, 3), (3, 4, 4), (4, 4, 1), (4, 4, 2), (4, 4, 3))((1, 4, 1), (2, 4, 0), (2, 4, 1), (3, 4, 0), (4, 4, 0))
35
((0, 0, 0), (0, 0, 1), (0, 1, 1), (0, 1, 2), (0, 1, 3))((0, 0, 2), (0, 0, 3), (0, 0, 4), (1, 0, 1), (1, 0, 2))((0, 4, 4), (1, 3, 4), (1, 4, 4), (2, 3, 4), (3, 3, 4))((1, 4, 3), (2, 4, 3), (2, 4, 4), (3, 4, 4), (4, 4, 4))((0, 4, 0), (1, 4, 0), (1, 4, 1), (2, 4, 1), (3, 4, 1))((0, 1, 0), (0, 2, 0), (0, 2, 1), (0, 3, 1), (0, 4, 1))((0, 1, 4), (0, 2, 4), (0, 3, 3), (0, 3, 4), (0, 4, 3))((0, 4, 2), (1, 4, 2), (2, 3, 2), (2, 4, 2), (3, 3, 2))((3, 4, 2), (3, 4, 3), (4, 4, 0), (4, 4, 1), (4, 4, 2))((0, 3, 2), (1, 3, 2), (1, 3, 3), (2, 3, 3), (3, 3, 3))((4, 1, 4), (4, 2, 4), (4, 3, 3), (4, 3, 4), (4, 4, 3))((1, 0, 3), (1, 0, 4), (2, 0, 1), (2, 0, 2), (2, 0, 3))((1, 1, 4), (2, 0, 4), (2, 1, 4), (3, 0, 4), (4, 0, 4))((0, 3, 0), (1, 3, 0), (2, 3, 0), (2, 4, 0), (3, 4, 0))((1, 3, 1), (2, 3, 1), (3, 3, 0), (3, 3, 1), (4, 3, 0))((1, 0, 0), (2, 0, 0), (3, 0, 0), (3, 1, 0), (4, 1, 0))((4, 0, 3), (4, 1, 3), (4, 2, 2), (4, 2, 3), (4, 3, 2))((3, 0, 2), (3, 0, 3), (4, 0, 0), (4, 0, 1), (4, 0, 2))((3, 0, 1), (3, 1, 1), (3, 2, 1), (4, 2, 1), (4, 3, 1))((3, 1, 2), (3, 1, 3), (3, 1, 4), (4, 1, 1), (4, 1, 2))((1, 1, 0), (2, 1, 0), (2, 2, 0), (3, 2, 0), (4, 2, 0))((2, 1, 1), (2, 1, 2), (2, 1, 3), (2, 2, 3), (2, 2, 4))((2, 2, 1), (2, 2, 2), (3, 2, 2), (3, 2, 3), (3, 2, 4))((0, 2, 2), (0, 2, 3), (1, 2, 0), (1, 2, 1), (1, 2, 2))((1, 1, 1), (1, 1, 2), (1, 1, 3), (1, 2, 3), (1, 2, 4))
36
((0, 0, 0), (0, 0, 1), (0, 1, 1), (0, 1, 2), (0, 1, 3))((0, 0, 2), (0, 0, 3), (0, 0, 4), (1, 0, 1), (1, 0, 2))((0, 4, 4), (1, 3, 4), (1, 4, 4), (2, 3, 4), (3, 3, 4))((1, 4, 3), (2, 4, 3), (2, 4, 4), (3, 4, 4), (4, 4, 4))((0, 3, 1), (0, 3, 2), (0, 3, 3), (0, 4, 0), (0, 4, 1))((0, 4, 2), (0, 4, 3), (1, 4, 0), (1, 4, 1), (1, 4, 2))((0, 1, 4), (0, 2, 4), (0, 3, 4), (1, 0, 4), (1, 1, 4))((0, 3, 0), (1, 3, 0), (2, 3, 0), (2, 4, 0), (3, 4, 0))((0, 1, 0), (1, 0, 0), (1, 1, 0), (2, 0, 0), (3, 0, 0))((0, 2, 0), (1, 2, 0), (2, 2, 0), (2, 2, 1), (3, 2, 1))((1, 3, 1), (2, 3, 1), (2, 4, 1), (3, 4, 1), (4, 4, 1))((0, 2, 1), (0, 2, 2), (0, 2, 3), (1, 2, 3), (1, 2, 4))((1, 2, 1), (1, 2, 2), (2, 2, 2), (2, 2, 3), (2, 2, 4))((1, 3, 2), (2, 3, 2), (2, 4, 2), (3, 4, 2), (4, 4, 2))((1, 3, 3), (2, 3, 3), (3, 3, 3), (3, 4, 3), (4, 4, 3))((3, 1, 0), (3, 2, 0), (3, 3, 0), (4, 3, 0), (4, 4, 0))((3, 3, 1), (3, 3, 2), (4, 3, 2), (4, 3, 3), (4, 3, 4))((4, 1, 1), (4, 1, 2), (4, 2, 2), (4, 2, 3), (4, 2, 4))((4, 0, 0), (4, 1, 0), (4, 2, 0), (4, 2, 1), (4, 3, 1))((3, 1, 1), (3, 1, 2), (3, 2, 2), (3, 2, 3), (3, 2, 4))((4, 0, 1), (4, 0, 2), (4, 0, 3), (4, 1, 3), (4, 1, 4))((3, 0, 1), (3, 0, 2), (3, 0, 3), (3, 1, 3), (3, 1, 4))((1, 0, 3), (2, 0, 3), (2, 0, 4), (3, 0, 4), (4, 0, 4))((2, 0, 1), (2, 0, 2), (2, 1, 2), (2, 1, 3), (2, 1, 4))((1, 1, 1), (1, 1, 2), (1, 1, 3), (2, 1, 0), (2, 1, 1))
37
((0, 0, 0), (0, 0, 1), (0, 0, 2), (0, 1, 2), (0, 1, 3))((0, 0, 3), (0, 0, 4), (1, 0, 1), (1, 0, 2), (1, 0, 3))((0, 3, 1), (0, 3, 2), (0, 4, 2), (0, 4, 3), (0, 4, 4))((0, 4, 1), (1, 4, 1), (2, 4, 1), (2, 4, 2), (3, 4, 2))((0, 2, 0), (0, 3, 0), (0, 4, 0), (1, 1, 0), (1, 2, 0))((0, 1, 0), (0, 1, 1), (0, 2, 1), (0, 2, 2), (0, 2, 3))((1, 0, 0), (2, 0, 0), (3, 0, 0), (3, 0, 1), (4, 0, 1))((3, 1, 0), (3, 2, 0), (3, 3, 0), (4, 0, 0), (4, 1, 0))((1, 4, 0), (2, 4, 0), (3, 4, 0), (3, 4, 1), (4, 4, 1))((4, 1, 1), (4, 2, 0), (4, 2, 1), (4, 3, 0), (4, 4, 0))((4, 3, 1), (4, 3, 2), (4, 4, 2), (4, 4, 3), (4, 4, 4))((1, 3, 0), (1, 3, 1), (1, 3, 2), (1, 4, 2), (1, 4, 3))((0, 3, 3), (1, 3, 3), (2, 3, 3), (2, 4, 3), (3, 4, 3))((3, 2, 2), (3, 3, 2), (4, 0, 2), (4, 1, 2), (4, 2, 2))((3, 0, 2), (3, 1, 1), (3, 1, 2), (3, 2, 1), (3, 3, 1))((2, 2, 2), (2, 2, 3), (2, 3, 0), (2, 3, 1), (2, 3, 2))((1, 2, 1), (1, 2, 2), (1, 2, 3), (2, 2, 0), (2, 2, 1))((1, 1, 1), (1, 1, 2), (1, 1, 3), (2, 1, 0), (2, 1, 1))((2, 0, 1), (2, 0, 2), (2, 1, 2), (2, 1, 3), (2, 1, 4))((1, 0, 4), (2, 0, 3), (2, 0, 4), (3, 0, 3), (4, 0, 3))((4, 0, 4), (4, 1, 3), (4, 1, 4), (4, 2, 3), (4, 3, 3))((1, 1, 4), (1, 2, 4), (2, 2, 4), (2, 3, 4), (2, 4, 4))((0, 1, 4), (0, 2, 4), (0, 3, 4), (1, 3, 4), (1, 4, 4))((3, 0, 4), (3, 1, 4), (3, 2, 4), (4, 2, 4), (4, 3, 4))((3, 1, 3), (3, 2, 3), (3, 3, 3), (3, 3, 4), (3, 4, 4))
38
((0, 0, 0), (0, 0, 1), (0, 0, 2), (1, 0, 2), (1, 0, 3))((0, 0, 3), (0, 0, 4), (0, 1, 1), (0, 1, 2), (0, 1, 3))((0, 4, 2), (0, 4, 3), (0, 4, 4), (1, 4, 1), (1, 4, 2))((0, 3, 1), (0, 3, 2), (0, 3, 3), (0, 4, 0), (0, 4, 1))((0, 3, 0), (1, 3, 0), (1, 4, 0), (2, 4, 0), (3, 4, 0))((0, 1, 0), (1, 1, 0), (2, 1, 0), (2, 1, 1), (3, 1, 1))((0, 2, 0), (1, 2, 0), (2, 2, 0), (2, 2, 1), (3, 2, 1))((0, 2, 1), (0, 2, 2), (0, 2, 3), (1, 2, 3), (1, 2, 4))((0, 1, 4), (0, 2, 4), (0, 3, 4), (1, 3, 4), (1, 4, 4))((1, 2, 1), (1, 2, 2), (2, 2, 2), (2, 2, 3), (2, 2, 4))((1, 0, 0), (1, 0, 1), (1, 1, 1), (1, 1, 2), (1, 1, 3))((2, 0, 0), (2, 0, 1), (2, 0, 2), (2, 1, 2), (2, 1, 3))((1, 0, 4), (2, 0, 3), (2, 0, 4), (3, 0, 3), (4, 0, 3))((3, 0, 0), (3, 0, 1), (3, 0, 2), (3, 1, 2), (3, 1, 3))((1, 1, 4), (2, 1, 4), (3, 0, 4), (3, 1, 4), (4, 0, 4))((3, 1, 0), (3, 2, 0), (3, 3, 0), (4, 0, 0), (4, 1, 0))((4, 0, 1), (4, 0, 2), (4, 1, 2), (4, 1, 3), (4, 1, 4))((4, 2, 2), (4, 2, 3), (4, 2, 4), (4, 3, 1), (4, 3, 2))((4, 1, 1), (4, 2, 0), (4, 2, 1), (4, 3, 0), (4, 4, 0))((3, 2, 2), (3, 2, 3), (3, 2, 4), (3, 3, 1), (3, 3, 2))((4, 3, 3), (4, 3, 4), (4, 4, 1), (4, 4, 2), (4, 4, 3))((3, 3, 3), (3, 3, 4), (3, 4, 1), (3, 4, 2), (3, 4, 3))((1, 4, 3), (2, 4, 3), (2, 4, 4), (3, 4, 4), (4, 4, 4))((2, 3, 2), (2, 3, 3), (2, 3, 4), (2, 4, 1), (2, 4, 2))((1, 3, 1), (1, 3, 2), (1, 3, 3), (2, 3, 0), (2, 3, 1))
39
((0, 0, 0), (0, 0, 1), (0, 1, 1), (0, 1, 2), (0, 1, 3))((0, 0, 2), (0, 0, 3), (0, 0, 4), (1, 0, 1), (1, 0, 2))((0, 3, 1), (0, 3, 2), (0, 3, 3), (0, 4, 3), (0, 4, 4))((0, 4, 0), (0, 4, 1), (0, 4, 2), (1, 4, 2), (1, 4, 3))((0, 1, 0), (0, 2, 0), (0, 3, 0), (1, 3, 0), (1, 4, 0))((1, 0, 0), (2, 0, 0), (2, 0, 1), (3, 0, 1), (4, 0, 1))((1, 1, 0), (2, 1, 0), (3, 0, 0), (3, 1, 0), (4, 0, 0))((1, 4, 1), (2, 4, 0), (2, 4, 1), (3, 4, 0), (4, 4, 0))((4, 0, 2), (4, 0, 3), (4, 1, 0), (4, 1, 1), (4, 1, 2))((4, 2, 0), (4, 2, 1), (4, 2, 2), (4, 3, 2), (4, 3, 3))((4, 3, 0), (4, 3, 1), (4, 4, 1), (4, 4, 2), (4, 4, 3))((4, 1, 3), (4, 2, 3), (4, 2, 4), (4, 3, 4), (4, 4, 4))((3, 1, 4), (3, 2, 4), (3, 3, 4), (4, 0, 4), (4, 1, 4))((0, 3, 4), (1, 3, 4), (1, 4, 4), (2, 4, 4), (3, 4, 4))((0, 2, 4), (1, 2, 4), (2, 2, 3), (2, 2, 4), (3, 2, 3))((3, 0, 2), (3, 0, 3), (3, 0, 4), (3, 1, 1), (3, 1, 2))((1, 0, 3), (1, 0, 4), (1, 1, 1), (1, 1, 2), (1, 1, 3))((0, 1, 4), (1, 1, 4), (2, 1, 3), (2, 1, 4), (3, 1, 3))((2, 0, 2), (2, 0, 3), (2, 0, 4), (2, 1, 1), (2, 1, 2))((2, 3, 0), (2, 3, 1), (2, 3, 2), (2, 4, 2), (2, 4, 3))((3, 3, 0), (3, 3, 1), (3, 4, 1), (3, 4, 2), (3, 4, 3))((3, 2, 0), (3, 2, 1), (3, 2, 2), (3, 3, 2), (3, 3, 3))((1, 2, 2), (1, 2, 3), (2, 2, 0), (2, 2, 1), (2, 2, 2))((0, 2, 1), (0, 2, 2), (0, 2, 3), (1, 2, 0), (1, 2, 1))((1, 3, 1), (1, 3, 2), (1, 3, 3), (2, 3, 3), (2, 3, 4))
40
((0, 0, 0), (0, 0, 1), (0, 0, 2), (1, 0, 2), (1, 0, 3))((0, 0, 3), (0, 0, 4), (0, 1, 1), (0, 1, 2), (0, 1, 3))((0, 4, 2), (0, 4, 3), (0, 4, 4), (1, 4, 1), (1, 4, 2))((0, 3, 1), (0, 3, 2), (0, 3, 3), (0, 4, 0), (0, 4, 1))((0, 1, 0), (0, 2, 0), (0, 3, 0), (1, 0, 0), (1, 1, 0))((1, 4, 0), (2, 4, 0), (2, 4, 1), (3, 4, 1), (4, 4, 1))((1, 3, 0), (2, 3, 0), (3, 3, 0), (3, 4, 0), (4, 4, 0))((1, 0, 1), (2, 0, 0), (2, 0, 1), (3, 0, 0), (4, 0, 0))((4, 3, 0), (4, 3, 1), (4, 3, 2), (4, 4, 2), (4, 4, 3))((4, 1, 2), (4, 1, 3), (4, 2, 0), (4, 2, 1), (4, 2, 2))((4, 0, 1), (4, 0, 2), (4, 0, 3), (4, 1, 0), (4, 1, 1))((4, 0, 4), (4, 1, 4), (4, 2, 3), (4, 2, 4), (4, 3, 3))((3, 1, 4), (3, 2, 4), (3, 3, 4), (4, 3, 4), (4, 4, 4))((3, 3, 1), (3, 3, 2), (3, 4, 2), (3, 4, 3), (3, 4, 4))((0, 1, 4), (1, 0, 4), (1, 1, 4), (2, 0, 4), (3, 0, 4))((0, 3, 4), (1, 3, 4), (2, 3, 3), (2, 3, 4), (3, 3, 3))((1, 3, 1), (1, 3, 2), (1, 3, 3), (1, 4, 3), (1, 4, 4))((2, 3, 1), (2, 3, 2), (2, 4, 2), (2, 4, 3), (2, 4, 4))((2, 0, 2), (2, 0, 3), (2, 1, 0), (2, 1, 1), (2, 1, 2))((3, 0, 1), (3, 0, 2), (3, 0, 3), (3, 1, 0), (3, 1, 1))((3, 1, 2), (3, 1, 3), (3, 2, 0), (3, 2, 1), (3, 2, 2))((1, 2, 2), (1, 2, 3), (2, 2, 0), (2, 2, 1), (2, 2, 2))((0, 2, 4), (1, 2, 4), (2, 2, 3), (2, 2, 4), (3, 2, 3))((0, 2, 1), (0, 2, 2), (0, 2, 3), (1, 2, 0), (1, 2, 1))((1, 1, 1), (1, 1, 2), (1, 1, 3), (2, 1, 3), (2, 1, 4))
41
((0, 0, 0), (0, 0, 1), (1, 0, 1), (1, 0, 2), (1, 0, 3))((0, 0, 2), (0, 0, 3), (0, 1, 0), (0, 1, 1), (0, 1, 2))((0, 0, 4), (1, 0, 4), (2, 0, 3), (2, 0, 4), (3, 0, 3))((3, 0, 4), (3, 1, 4), (4, 1, 4), (4, 2, 4), (4, 3, 4))((3, 0, 1), (3, 0, 2), (4, 0, 2), (4, 0, 3), (4, 0, 4))((4, 0, 0), (4, 0, 1), (4, 1, 1), (4, 1, 2), (4, 1, 3))((3, 0, 0), (3, 1, 0), (4, 1, 0), (4, 2, 0), (4, 3, 0))((0, 2, 0), (0, 3, 0), (1, 0, 0), (1, 1, 0), (1, 2, 0))((2, 0, 0), (2, 0, 1), (2, 0, 2), (2, 1, 2), (2, 1, 3))((2, 1, 4), (2, 2, 4), (3, 2, 4), (3, 3, 4), (3, 4, 4))((4, 3, 1), (4, 3, 2), (4, 4, 2), (4, 4, 3), (4, 4, 4))((1, 4, 1), (2, 4, 0), (2, 4, 1), (3, 4, 0), (4, 4, 0))((1, 4, 2), (2, 4, 2), (3, 4, 1), (3, 4, 2), (4, 4, 1))((0, 4, 0), (1, 3, 0), (1, 4, 0), (2, 3, 0), (3, 3, 0))((0, 4, 4), (1, 4, 4), (2, 4, 3), (2, 4, 4), (3, 4, 3))((2, 1, 0), (2, 1, 1), (3, 1, 1), (3, 1, 2), (3, 1, 3))((1, 1, 4), (1, 2, 3), (1, 2, 4), (1, 3, 3), (1, 4, 3))((0, 1, 3), (0, 1, 4), (1, 1, 1), (1, 1, 2), (1, 1, 3))((0, 3, 3), (0, 3, 4), (0, 4, 1), (0, 4, 2), (0, 4, 3))((1, 3, 4), (2, 3, 3), (2, 3, 4), (3, 3, 3), (4, 3, 3))((0, 2, 2), (0, 2, 3), (0, 2, 4), (0, 3, 1), (0, 3, 2))((1, 3, 2), (2, 3, 2), (3, 2, 2), (3, 3, 2), (4, 2, 2))((0, 2, 1), (1, 2, 1), (2, 2, 0), (2, 2, 1), (3, 2, 0))((1, 3, 1), (2, 3, 1), (3, 2, 1), (3, 3, 1), (4, 2, 1))((1, 2, 2), (2, 2, 2), (2, 2, 3), (3, 2, 3), (4, 2, 3))
42
((0, 0, 0), (0, 0, 1), (0, 1, 1), (0, 1, 2), (0, 1, 3))((0, 0, 2), (0, 0, 3), (0, 0, 4), (1, 0, 1), (1, 0, 2))((0, 3, 1), (0, 3, 2), (0, 3, 3), (0, 4, 3), (0, 4, 4))((0, 4, 0), (0, 4, 1), (0, 4, 2), (1, 4, 2), (1, 4, 3))((0, 3, 0), (1, 3, 0), (2, 3, 0), (2, 3, 1), (3, 3, 1))((1, 3, 1), (1, 3, 2), (1, 3, 3), (1, 4, 0), (1, 4, 1))((2, 3, 2), (2, 3, 3), (2, 4, 0), (2, 4, 1), (2, 4, 2))((1, 4, 4), (2, 4, 3), (2, 4, 4), (3, 4, 3), (4, 4, 3))((3, 3, 2), (3, 3, 3), (3, 4, 0), (3, 4, 1), (3, 4, 2))((0, 1, 4), (0, 2, 4), (0, 3, 4), (1, 0, 4), (1, 1, 4))((1, 3, 4), (2, 3, 4), (3, 3, 4), (3, 4, 4), (4, 4, 4))((0, 1, 0), (1, 0, 0), (1, 1, 0), (2, 0, 0), (3, 0, 0))((0, 2, 0), (1, 2, 0), (2, 2, 0), (2, 2, 1), (3, 2, 1))((0, 2, 1), (0, 2, 2), (0, 2, 3), (1, 2, 3), (1, 2, 4))((1, 2, 1), (1, 2, 2), (2, 2, 2), (2, 2, 3), (2, 2, 4))((3, 1, 0), (3, 2, 0), (3, 3, 0), (4, 3, 0), (4, 4, 0))((4, 3, 2), (4, 3, 3), (4, 3, 4), (4, 4, 1), (4, 4, 2))((4, 1, 1), (4, 1, 2), (4, 2, 2), (4, 2, 3), (4, 2, 4))((4, 0, 0), (4, 1, 0), (4, 2, 0), (4, 2, 1), (4, 3, 1))((3, 1, 1), (3, 1, 2), (3, 2, 2), (3, 2, 3), (3, 2, 4))((4, 0, 1), (4, 0, 2), (4, 0, 3), (4, 1, 3), (4, 1, 4))((3, 0, 1), (3, 0, 2), (3, 0, 3), (3, 1, 3), (3, 1, 4))((1, 0, 3), (2, 0, 3), (2, 0, 4), (3, 0, 4), (4, 0, 4))((2, 0, 1), (2, 0, 2), (2, 1, 2), (2, 1, 3), (2, 1, 4))((1, 1, 1), (1, 1, 2), (1, 1, 3), (2, 1, 0), (2, 1, 1))
43
((0, 0, 0), (0, 0, 1), (0, 1, 1), (0, 1, 2), (0, 1, 3))((0, 0, 2), (0, 0, 3), (0, 0, 4), (1, 0, 1), (1, 0, 2))((0, 3, 1), (0, 3, 2), (0, 3, 3), (0, 4, 3), (0, 4, 4))((0, 4, 0), (1, 4, 0), (2, 3, 0), (2, 4, 0), (3, 3, 0))((0, 1, 0), (0, 2, 0), (0, 3, 0), (1, 0, 0), (1, 1, 0))((0, 4, 1), (0, 4, 2), (1, 4, 2), (1, 4, 3), (1, 4, 4))((1, 2, 0), (1, 3, 0), (2, 0, 0), (2, 1, 0), (2, 2, 0))((3, 0, 1), (3, 0, 2), (3, 0, 3), (4, 0, 0), (4, 0, 1))((3, 0, 0), (3, 1, 0), (3, 2, 0), (4, 2, 0), (4, 3, 0))((4, 3, 1), (4, 3, 2), (4, 3, 3), (4, 4, 0), (4, 4, 1))((4, 0, 2), (4, 0, 3), (4, 1, 0), (4, 1, 1), (4, 1, 2))((1, 3, 3), (2, 3, 3), (2, 4, 3), (3, 4, 3), (4, 4, 3))((3, 3, 1), (3, 3, 2), (3, 3, 3), (3, 4, 0), (3, 4, 1))((1, 4, 1), (2, 4, 1), (2, 4, 2), (3, 4, 2), (4, 4, 2))((1, 3, 1), (2, 2, 1), (2, 3, 1), (3, 2, 1), (4, 2, 1))((1, 0, 3), (1, 0, 4), (2, 0, 1), (2, 0, 2), (2, 0, 3))((1, 3, 2), (2, 2, 2), (2, 3, 2), (3, 2, 2), (4, 2, 2))((0, 2, 1), (1, 1, 1), (1, 2, 1), (2, 1, 1), (3, 1, 1))((0, 2, 2), (1, 1, 2), (1, 2, 2), (2, 1, 2), (3, 1, 2))((0, 3, 4), (1, 3, 4), (2, 3, 4), (2, 4, 4), (3, 4, 4))((4, 1, 3), (4, 2, 3), (4, 2, 4), (4, 3, 4), (4, 4, 4))((0, 2, 4), (1, 2, 4), (2, 2, 3), (2, 2, 4), (3, 2, 3))((0, 2, 3), (1, 1, 3), (1, 2, 3), (2, 1, 3), (3, 1, 3))((3, 1, 4), (3, 2, 4), (3, 3, 4), (4, 0, 4), (4, 1, 4))((0, 1, 4), (1, 1, 4), (2, 0, 4), (2, 1, 4), (3, 0, 4))
44
((0, 0, 0), (0, 0, 1), (0, 1, 1), (0, 1, 2), (0, 1, 3))((0, 0, 2), (0, 0, 3), (0, 0, 4), (1, 0, 1), (1, 0, 2))((0, 4, 4), (1, 4, 3), (1, 4, 4), (2, 4, 3), (3, 4, 3))((1, 3, 4), (2, 3, 4), (2, 4, 4), (3, 4, 4), (4, 4, 4))((0, 4, 0), (1, 4, 0), (1, 4, 1), (2, 4, 1), (3, 4, 1))((0, 1, 0), (0, 2, 0), (0, 2, 1), (0, 3, 1), (0, 4, 1))((0, 1, 4), (0, 2, 4), (0, 3, 3), (0, 3, 4), (0, 4, 3))((0, 2, 2), (0, 3, 2), (0, 4, 2), (1, 1, 2), (1, 2, 2))((0, 3, 0), (1, 3, 0), (2, 3, 0), (2, 4, 0), (3, 4, 0))((1, 4, 2), (2, 4, 2), (3, 3, 2), (3, 4, 2), (4, 3, 2))((4, 3, 3), (4, 3, 4), (4, 4, 1), (4, 4, 2), (4, 4, 3))((1, 3, 2), (2, 2, 2), (2, 3, 2), (3, 2, 2), (4, 2, 2))((4, 1, 1), (4, 2, 1), (4, 3, 0), (4, 3, 1), (4, 4, 0))((1, 0, 0), (1, 1, 0), (1, 2, 0), (1, 2, 1), (1, 3, 1))((3, 2, 0), (3, 3, 0), (4, 0, 0), (4, 1, 0), (4, 2, 0))((2, 0, 0), (2, 1, 0), (2, 2, 0), (2, 2, 1), (2, 3, 1))((3, 0, 0), (3, 1, 0), (3, 1, 1), (3, 2, 1), (3, 3, 1))((1, 1, 1), (2, 0, 1), (2, 1, 1), (3, 0, 1), (4, 0, 1))((1, 1, 3), (2, 1, 2), (2, 1, 3), (3, 1, 2), (4, 1, 2))((1, 0, 3), (2, 0, 2), (2, 0, 3), (3, 0, 2), (4, 0, 2))((1, 0, 4), (2, 0, 4), (3, 0, 3), (3, 0, 4), (4, 0, 3))((3, 2, 4), (3, 3, 4), (4, 0, 4), (4, 1, 4), (4, 2, 4))((1, 1, 4), (2, 1, 4), (3, 1, 3), (3, 1, 4), (4, 1, 3))((1, 2, 4), (2, 2, 3), (2, 2, 4), (3, 2, 3), (4, 2, 3))((0, 2, 3), (1, 2, 3), (1, 3, 3), (2, 3, 3), (3, 3, 3))
45
((0, 0, 0), (0, 0, 1), (0, 1, 1), (0, 1, 2), (0, 1, 3))((0, 0, 2), (0, 0, 3), (0, 0, 4), (1, 0, 1), (1, 0, 2))((0, 4, 4), (1, 4, 3), (1, 4, 4), (2, 4, 3), (3, 4, 3))((1, 3, 4), (2, 3, 4), (2, 4, 4), (3, 4, 4), (4, 4, 4))((0, 4, 0), (1, 4, 0), (2, 3, 0), (2, 4, 0), (3, 3, 0))((1, 4, 1), (2, 4, 1), (3, 4, 0), (3, 4, 1), (4, 4, 0))((0, 2, 1), (0, 3, 1), (0, 4, 1), (1, 1, 1), (1, 2, 1))((0, 3, 0), (1, 3, 0), (1, 3, 1), (2, 3, 1), (3, 3, 1))((0, 2, 0), (1, 2, 0), (2, 2, 0), (2, 2, 1), (3, 2, 1))((3, 0, 0), (3, 1, 0), (3, 2, 0), (4, 2, 0), (4, 3, 0))((0, 1, 0), (1, 1, 0), (2, 1, 0), (2, 1, 1), (3, 1, 1))((1, 0, 0), (2, 0, 0), (2, 0, 1), (3, 0, 1), (4, 0, 1))((4, 0, 0), (4, 1, 0), (4, 1, 1), (4, 2, 1), (4, 3, 1))((4, 3, 3), (4, 3, 4), (4, 4, 1), (4, 4, 2), (4, 4, 3))((0, 1, 4), (0, 2, 4), (0, 3, 3), (0, 3, 4), (0, 4, 3))((0, 2, 2), (0, 3, 2), (0, 4, 2), (1, 1, 2), (1, 2, 2))((1, 3, 2), (2, 2, 2), (2, 3, 2), (3, 2, 2), (4, 2, 2))((1, 4, 2), (2, 4, 2), (3, 3, 2), (3, 4, 2), (4, 3, 2))((1, 1, 3), (2, 1, 2), (2, 1, 3), (3, 1, 2), (4, 1, 2))((1, 0, 3), (2, 0, 2), (2, 0, 3), (3, 0, 2), (4, 0, 2))((1, 0, 4), (2, 0, 4), (3, 0, 3), (3, 0, 4), (4, 0, 3))((3, 2, 4), (3, 3, 4), (4, 0, 4), (4, 1, 4), (4, 2, 4))((1, 1, 4), (2, 1, 4), (3, 1, 3), (3, 1, 4), (4, 1, 3))((1, 2, 4), (2, 2, 3), (2, 2, 4), (3, 2, 3), (4, 2, 3))((0, 2, 3), (1, 2, 3), (1, 3, 3), (2, 3, 3), (3, 3, 3))
46
((0, 0, 0), (0, 0, 1), (1, 0, 1), (1, 0, 2), (1, 0, 3))((0, 0, 2), (0, 0, 3), (0, 1, 0), (0, 1, 1), (0, 1, 2))((0, 0, 4), (0, 1, 4), (0, 2, 4), (1, 2, 4), (1, 3, 4))((1, 0, 4), (2, 0, 4), (3, 0, 4), (3, 1, 4), (4, 1, 4))((3, 0, 1), (3, 0, 2), (3, 0, 3), (4, 0, 3), (4, 0, 4))((1, 1, 4), (2, 1, 4), (2, 2, 4), (3, 2, 4), (4, 2, 4))((4, 0, 0), (4, 0, 1), (4, 0, 2), (4, 1, 2), (4, 1, 3))((4, 3, 1), (4, 3, 2), (4, 3, 3), (4, 4, 3), (4, 4, 4))((1, 4, 4), (2, 3, 4), (2, 4, 4), (3, 3, 4), (4, 3, 4))((0, 4, 3), (0, 4, 4), (1, 4, 1), (1, 4, 2), (1, 4, 3))((3, 4, 2), (3, 4, 3), (3, 4, 4), (4, 4, 1), (4, 4, 2))((1, 3, 0), (2, 3, 0), (3, 3, 0), (3, 4, 0), (4, 4, 0))((0, 4, 0), (1, 4, 0), (2, 4, 0), (2, 4, 1), (3, 4, 1))((3, 0, 0), (3, 1, 0), (3, 2, 0), (4, 2, 0), (4, 3, 0))((4, 1, 0), (4, 1, 1), (4, 2, 1), (4, 2, 2), (4, 2, 3))((0, 2, 1), (0, 3, 1), (0, 4, 1), (1, 1, 1), (1, 2, 1))((0, 2, 0), (0, 3, 0), (1, 0, 0), (1, 1, 0), (1, 2, 0))((2, 0, 1), (2, 1, 1), (3, 1, 1), (3, 2, 1), (3, 3, 1))((2, 0, 0), (2, 1, 0), (2, 2, 0), (2, 2, 1), (2, 3, 1))((0, 3, 3), (0, 3, 4), (1, 3, 1), (1, 3, 2), (1, 3, 3))((0, 1, 3), (0, 2, 2), (0, 2, 3), (0, 3, 2), (0, 4, 2))((1, 1, 2), (1, 2, 2), (2, 2, 2), (2, 3, 2), (2, 4, 2))((2, 0, 2), (2, 1, 2), (3, 1, 2), (3, 2, 2), (3, 3, 2))((1, 1, 3), (1, 2, 3), (2, 2, 3), (2, 3, 3), (2, 4, 3))((2, 0, 3), (2, 1, 3), (3, 1, 3), (3, 2, 3), (3, 3, 3))
47
((0, 0, 0), (0, 0, 1), (0, 1, 1), (0, 1, 2), (0, 1, 3))((0, 0, 2), (0, 0, 3), (0, 0, 4), (1, 0, 1), (1, 0, 2))((0, 4, 4), (1, 4, 3), (1, 4, 4), (2, 4, 3), (3, 4, 3))((0, 3, 4), (1, 3, 4), (2, 3, 4), (2, 4, 4), (3, 4, 4))((4, 1, 3), (4, 2, 3), (4, 2, 4), (4, 3, 4), (4, 4, 4))((4, 3, 0), (4, 3, 1), (4, 4, 1), (4, 4, 2), (4, 4, 3))((1, 4, 1), (2, 4, 1), (3, 4, 0), (3, 4, 1), (4, 4, 0))((0, 1, 4), (0, 2, 3), (0, 2, 4), (0, 3, 3), (0, 4, 3))((0, 1, 0), (0, 2, 0), (0, 2, 1), (0, 3, 1), (0, 4, 1))((0, 4, 0), (1, 4, 0), (2, 3, 0), (2, 4, 0), (3, 3, 0))((0, 3, 0), (1, 2, 0), (1, 3, 0), (2, 2, 0), (3, 2, 0))((4, 2, 0), (4, 2, 1), (4, 2, 2), (4, 3, 2), (4, 3, 3))((1, 1, 0), (2, 1, 0), (3, 0, 0), (3, 1, 0), (4, 0, 0))((1, 0, 0), (2, 0, 0), (2, 0, 1), (3, 0, 1), (4, 0, 1))((4, 0, 2), (4, 0, 3), (4, 1, 0), (4, 1, 1), (4, 1, 2))((1, 1, 1), (1, 2, 1), (1, 3, 1), (1, 3, 2), (1, 4, 2))((0, 2, 2), (0, 3, 2), (0, 4, 2), (1, 1, 2), (1, 2, 2))((1, 0, 3), (2, 0, 3), (3, 0, 3), (3, 0, 4), (4, 0, 4))((1, 0, 4), (1, 1, 4), (1, 2, 3), (1, 2, 4), (1, 3, 3))((1, 1, 3), (2, 1, 3), (3, 1, 3), (3, 1, 4), (4, 1, 4))((2, 0, 4), (2, 1, 4), (2, 2, 4), (3, 2, 4), (3, 3, 4))((3, 0, 2), (3, 1, 2), (3, 2, 2), (3, 2, 3), (3, 3, 3))((3, 1, 1), (3, 2, 1), (3, 3, 1), (3, 3, 2), (3, 4, 2))((2, 0, 2), (2, 1, 2), (2, 2, 2), (2, 2, 3), (2, 3, 3))((2, 1, 1), (2, 2, 1), (2, 3, 1), (2, 3, 2), (2, 4, 2))
48
((0, 0, 0), (0, 0, 1), (0, 0, 2), (0, 1, 2), (0, 1, 3))((0, 0, 3), (0, 0, 4), (1, 0, 1), (1, 0, 2), (1, 0, 3))((0, 4, 4), (1, 4, 4), (2, 4, 3), (2, 4, 4), (3, 4, 3))((1, 3, 4), (2, 3, 4), (3, 3, 4), (3, 4, 4), (4, 4, 4))((4, 0, 2), (4, 0, 3), (4, 0, 4), (4, 1, 1), (4, 1, 2))((3, 0, 1), (3, 0, 2), (3, 0, 3), (4, 0, 0), (4, 0, 1))((3, 0, 4), (3, 1, 4), (3, 2, 3), (3, 2, 4), (3, 3, 3))((3, 1, 1), (3, 1, 2), (3, 1, 3), (4, 1, 3), (4, 1, 4))((3, 2, 1), (3, 2, 2), (4, 2, 2), (4, 2, 3), (4, 2, 4))((4, 1, 0), (4, 2, 0), (4, 2, 1), (4, 3, 1), (4, 4, 1))((3, 4, 0), (3, 4, 1), (3, 4, 2), (4, 4, 2), (4, 4, 3))((3, 1, 0), (3, 2, 0), (3, 3, 0), (4, 3, 0), (4, 4, 0))((3, 3, 1), (3, 3, 2), (4, 3, 2), (4, 3, 3), (4, 3, 4))((0, 1, 0), (1, 0, 0), (1, 1, 0), (2, 0, 0), (3, 0, 0))((0, 1, 4), (0, 2, 4), (0, 3, 4), (1, 0, 4), (1, 1, 4))((2, 0, 4), (2, 1, 4), (2, 2, 3), (2, 2, 4), (2, 3, 3))((2, 0, 1), (2, 0, 2), (2, 0, 3), (2, 1, 0), (2, 1, 1))((2, 1, 2), (2, 1, 3), (2, 2, 0), (2, 2, 1), (2, 2, 2))((1, 4, 2), (1, 4, 3), (2, 4, 0), (2, 4, 1), (2, 4, 2))((1, 3, 2), (1, 3, 3), (2, 3, 0), (2, 3, 1), (2, 3, 2))((0, 4, 1), (0, 4, 2), (0, 4, 3), (1, 4, 0), (1, 4, 1))((0, 3, 1), (0, 3, 2), (0, 3, 3), (1, 3, 0), (1, 3, 1))((0, 1, 1), (0, 2, 0), (0, 2, 1), (0, 3, 0), (0, 4, 0))((0, 2, 2), (0, 2, 3), (1, 2, 0), (1, 2, 1), (1, 2, 2))((1, 1, 1), (1, 1, 2), (1, 1, 3), (1, 2, 3), (1, 2, 4))
49
((0, 0, 0), (0, 0, 1), (0, 0, 2), (0, 1, 2), (0, 1, 3))((0, 0, 3), (0, 0, 4), (1, 0, 1), (1, 0, 2), (1, 0, 3))((0, 4, 4), (1, 4, 4), (2, 4, 3), (2, 4, 4), (3, 4, 3))((1, 3, 4), (2, 3, 4), (3, 3, 4), (3, 4, 4), (4, 4, 4))((3, 0, 1), (3, 0, 2), (3, 0, 3), (4, 0, 3), (4, 0, 4))((3, 0, 4), (3, 1, 4), (3, 2, 4), (4, 2, 4), (4, 3, 4))((0, 1, 4), (0, 2, 4), (0, 3, 4), (1, 0, 4), (1, 1, 4))((2, 0, 4), (2, 1, 4), (2, 2, 3), (2, 2, 4), (2, 3, 3))((4, 0, 1), (4, 0, 2), (4, 1, 2), (4, 1, 3), (4, 1, 4))((2, 0, 1), (2, 0, 2), (2, 0, 3), (2, 1, 0), (2, 1, 1))((0, 1, 0), (1, 0, 0), (1, 1, 0), (2, 0, 0), (3, 0, 0))((3, 1, 0), (3, 2, 0), (3, 3, 0), (4, 0, 0), (4, 1, 0))((2, 1, 2), (2, 1, 3), (2, 2, 0), (2, 2, 1), (2, 2, 2))((3, 1, 3), (3, 2, 3), (4, 2, 3), (4, 3, 3), (4, 4, 3))((4, 1, 1), (4, 2, 0), (4, 2, 1), (4, 3, 0), (4, 4, 0))((3, 1, 2), (3, 2, 2), (4, 2, 2), (4, 3, 2), (4, 4, 2))((3, 1, 1), (3, 2, 1), (3, 3, 1), (4, 3, 1), (4, 4, 1))((3, 3, 2), (3, 3, 3), (3, 4, 0), (3, 4, 1), (3, 4, 2))((1, 4, 2), (1, 4, 3), (2, 4, 0), (2, 4, 1), (2, 4, 2))((1, 3, 2), (1, 3, 3), (2, 3, 0), (2, 3, 1), (2, 3, 2))((0, 4, 1), (0, 4, 2), (0, 4, 3), (1, 4, 0), (1, 4, 1))((0, 3, 1), (0, 3, 2), (0, 3, 3), (1, 3, 0), (1, 3, 1))((0, 1, 1), (0, 2, 0), (0, 2, 1), (0, 3, 0), (0, 4, 0))((0, 2, 2), (0, 2, 3), (1, 2, 0), (1, 2, 1), (1, 2, 2))((1, 1, 1), (1, 1, 2), (1, 1, 3), (1, 2, 3), (1, 2, 4))
50
((0, 0, 0), (0, 0, 1), (0, 0, 2), (1, 0, 2), (1, 0, 3))((0, 0, 3), (0, 0, 4), (0, 1, 1), (0, 1, 2), (0, 1, 3))((0, 4, 4), (1, 4, 4), (2, 4, 3), (2, 4, 4), (3, 4, 3))((1, 3, 4), (2, 3, 4), (3, 3, 4), (3, 4, 4), (4, 4, 4))((1, 1, 4), (2, 1, 4), (3, 0, 4), (3, 1, 4), (4, 0, 4))((1, 0, 4), (2, 0, 3), (2, 0, 4), (3, 0, 3), (4, 0, 3))((0, 1, 4), (0, 2, 4), (0, 3, 3), (0, 3, 4), (0, 4, 3))((4, 0, 1), (4, 0, 2), (4, 1, 2), (4, 1, 3), (4, 1, 4))((3, 2, 1), (3, 2, 2), (4, 2, 2), (4, 2, 3), (4, 2, 4))((3, 0, 0), (3, 0, 1), (3, 0, 2), (3, 1, 2), (3, 1, 3))((4, 0, 0), (4, 1, 0), (4, 1, 1), (4, 2, 1), (4, 3, 1))((4, 3, 3), (4, 3, 4), (4, 4, 1), (4, 4, 2), (4, 4, 3))((0, 2, 2), (1, 2, 2), (2, 2, 2), (2, 2, 3), (3, 2, 3))((0, 2, 3), (1, 2, 3), (1, 2, 4), (2, 2, 4), (3, 2, 4))((2, 0, 0), (2, 0, 1), (2, 0, 2), (2, 1, 2), (2, 1, 3))((1, 0, 0), (1, 0, 1), (1, 1, 1), (1, 1, 2), (1, 1, 3))((0, 1, 0), (1, 1, 0), (2, 1, 0), (2, 1, 1), (3, 1, 1))((0, 2, 0), (1, 2, 0), (2, 2, 0), (2, 3, 0), (3, 3, 0))((3, 1, 0), (3, 2, 0), (4, 2, 0), (4, 3, 0), (4, 4, 0))((0, 2, 1), (1, 2, 1), (2, 2, 1), (2, 3, 1), (3, 3, 1))((0, 3, 0), (1, 3, 0), (1, 4, 0), (2, 4, 0), (3, 4, 0))((0, 4, 0), (0, 4, 1), (0, 4, 2), (1, 4, 2), (1, 4, 3))((0, 3, 2), (1, 3, 2), (2, 3, 2), (2, 4, 2), (3, 4, 2))((1, 3, 3), (2, 3, 3), (3, 3, 2), (3, 3, 3), (4, 3, 2))((0, 3, 1), (1, 3, 1), (1, 4, 1), (2, 4, 1), (3, 4, 1))
51
((0, 0, 0), (0, 0, 1), (0, 0, 2), (0, 1, 2), (0, 1, 3))((0, 0, 3), (0, 0, 4), (1, 0, 1), (1, 0, 2), (1, 0, 3))((0, 4, 4), (1, 4, 4), (2, 3, 4), (2, 4, 4), (3, 3, 4))((1, 4, 3), (2, 4, 3), (3, 4, 3), (3, 4, 4), (4, 4, 4))((4, 0, 4), (4, 1, 3), (4, 1, 4), (4, 2, 3), (4, 3, 3))((3, 0, 4), (3, 1, 4), (3, 2, 4), (4, 2, 4), (4, 3, 4))((3, 4, 0), (3, 4, 1), (4, 4, 1), (4, 4, 2), (4, 4, 3))((3, 1, 0), (3, 2, 0), (4, 2, 0), (4, 3, 0), (4, 4, 0))((4, 0, 0), (4, 1, 0), (4, 1, 1), (4, 2, 1), (4, 3, 1))((1, 0, 0), (2, 0, 0), (3, 0, 0), (3, 0, 1), (4, 0, 1))((1, 0, 4), (2, 0, 3), (2, 0, 4), (3, 0, 3), (4, 0, 3))((1, 1, 2), (2, 0, 2), (2, 1, 2), (3, 0, 2), (4, 0, 2))((0, 1, 4), (1, 1, 4), (2, 1, 3), (2, 1, 4), (3, 1, 3))((3, 3, 2), (3, 4, 2), (4, 1, 2), (4, 2, 2), (4, 3, 2))((2, 2, 2), (2, 3, 2), (2, 4, 2), (3, 1, 2), (3, 2, 2))((0, 2, 4), (1, 2, 4), (2, 2, 3), (2, 2, 4), (3, 2, 3))((0, 3, 4), (1, 3, 3), (1, 3, 4), (2, 3, 3), (3, 3, 3))((0, 2, 3), (0, 3, 3), (0, 4, 3), (1, 1, 3), (1, 2, 3))((1, 1, 1), (1, 2, 1), (1, 2, 2), (1, 3, 2), (1, 4, 2))((0, 1, 1), (0, 2, 1), (0, 2, 2), (0, 3, 2), (0, 4, 2))((0, 1, 0), (0, 2, 0), (0, 3, 0), (0, 3, 1), (0, 4, 1))((1, 1, 0), (1, 2, 0), (1, 3, 0), (1, 3, 1), (1, 4, 1))((0, 4, 0), (1, 4, 0), (2, 3, 0), (2, 4, 0), (3, 3, 0))((2, 1, 0), (2, 2, 0), (2, 2, 1), (2, 3, 1), (2, 4, 1))((2, 0, 1), (2, 1, 1), (3, 1, 1), (3, 2, 1), (3, 3, 1))
52
((0, 0, 0), (0, 0, 1), (0, 0, 2), (1, 0, 2), (1, 0, 3))((0, 0, 3), (0, 0, 4), (0, 1, 1), (0, 1, 2), (0, 1, 3))((0, 4, 4), (1, 4, 4), (2, 4, 3), (2, 4, 4), (3, 4, 3))((1, 3, 4), (2, 3, 4), (3, 3, 4), (3, 4, 4), (4, 4, 4))((3, 0, 1), (3, 0, 2), (3, 0, 3), (4, 0, 3), (4, 0, 4))((3, 0, 4), (3, 1, 4), (3, 2, 4), (4, 2, 4), (4, 3, 4))((0, 1, 4), (0, 2, 4), (0, 3, 4), (1, 0, 4), (1, 1, 4))((2, 0, 2), (2, 0, 3), (2, 0, 4), (2, 1, 1), (2, 1, 2))((1, 0, 1), (2, 0, 0), (2, 0, 1), (3, 0, 0), (4, 0, 0))((1, 1, 1), (1, 1, 2), (1, 1, 3), (2, 1, 3), (2, 1, 4))((4, 0, 1), (4, 0, 2), (4, 1, 2), (4, 1, 3), (4, 1, 4))((0, 1, 0), (0, 2, 0), (0, 3, 0), (1, 0, 0), (1, 1, 0))((0, 4, 3), (1, 4, 2), (1, 4, 3), (2, 4, 2), (3, 4, 2))((0, 3, 2), (0, 3, 3), (0, 4, 0), (0, 4, 1), (0, 4, 2))((4, 3, 0), (4, 3, 1), (4, 4, 1), (4, 4, 2), (4, 4, 3))((1, 2, 0), (1, 3, 0), (1, 4, 0), (2, 1, 0), (2, 2, 0))((1, 4, 1), (2, 4, 0), (2, 4, 1), (3, 4, 0), (4, 4, 0))((3, 1, 1), (3, 1, 2), (3, 1, 3), (4, 1, 0), (4, 1, 1))((3, 1, 0), (3, 2, 0), (3, 2, 1), (3, 3, 1), (3, 4, 1))((0, 3, 1), (1, 3, 1), (2, 3, 0), (2, 3, 1), (3, 3, 0))((4, 2, 0), (4, 2, 1), (4, 2, 2), (4, 3, 2), (4, 3, 3))((0, 2, 2), (1, 2, 2), (1, 3, 2), (2, 3, 2), (3, 3, 2))((0, 2, 1), (1, 2, 1), (2, 2, 1), (2, 2, 2), (3, 2, 2))((1, 2, 4), (2, 2, 3), (2, 2, 4), (3, 2, 3), (4, 2, 3))((0, 2, 3), (1, 2, 3), (1, 3, 3), (2, 3, 3), (3, 3, 3))
53
((0, 0, 0), (0, 0, 1), (0, 0, 2), (1, 0, 2), (1, 0, 3))((0, 0, 3), (0, 0, 4), (0, 1, 1), (0, 1, 2), (0, 1, 3))((0, 4, 4), (1, 4, 4), (2, 3, 4), (2, 4, 4), (3, 3, 4))((1, 4, 3), (2, 4, 3), (3, 4, 3), (3, 4, 4), (4, 4, 4))((1, 1, 4), (2, 1, 4), (3, 0, 4), (3, 1, 4), (4, 0, 4))((1, 0, 4), (2, 0, 3), (2, 0, 4), (3, 0, 3), (4, 0, 3))((0, 1, 4), (0, 2, 3), (0, 2, 4), (0, 3, 3), (0, 4, 3))((0, 3, 4), (1, 2, 4), (1, 3, 4), (2, 2, 4), (3, 2, 4))((0, 4, 0), (1, 4, 0), (1, 4, 1), (2, 4, 1), (3, 4, 1))((0, 1, 0), (0, 2, 0), (0, 2, 1), (0, 3, 1), (0, 4, 1))((0, 2, 2), (0, 3, 2), (0, 4, 2), (1, 1, 2), (1, 2, 2))((0, 3, 0), (1, 3, 0), (2, 3, 0), (2, 4, 0), (3, 4, 0))((1, 1, 3), (1, 2, 3), (1, 3, 2), (1, 3, 3), (1, 4, 2))((2, 1, 3), (2, 2, 3), (2, 3, 2), (2, 3, 3), (2, 4, 2))((2, 0, 2), (2, 1, 2), (2, 2, 1), (2, 2, 2), (2, 3, 1))((1, 0, 0), (1, 1, 0), (1, 2, 0), (1, 2, 1), (1, 3, 1))((2, 0, 0), (2, 1, 0), (2, 2, 0), (3, 2, 0), (3, 3, 0))((1, 0, 1), (2, 0, 1), (3, 0, 0), (3, 0, 1), (4, 0, 0))((1, 1, 1), (2, 1, 1), (3, 1, 0), (3, 1, 1), (4, 1, 0))((4, 1, 1), (4, 2, 0), (4, 2, 1), (4, 3, 0), (4, 4, 0))((4, 0, 1), (4, 0, 2), (4, 1, 2), (4, 1, 3), (4, 1, 4))((4, 2, 2), (4, 2, 3), (4, 2, 4), (4, 3, 1), (4, 3, 2))((3, 0, 2), (3, 1, 2), (3, 2, 1), (3, 2, 2), (3, 3, 1))((3, 1, 3), (3, 2, 3), (3, 3, 2), (3, 3, 3), (3, 4, 2))((4, 3, 3), (4, 3, 4), (4, 4, 1), (4, 4, 2), (4, 4, 3))
54
((0, 0, 0), (0, 0, 1), (0, 0, 2), (1, 0, 2), (1, 0, 3))((0, 0, 3), (0, 0, 4), (0, 1, 1), (0, 1, 2), (0, 1, 3))((0, 4, 4), (1, 4, 4), (2, 3, 4), (2, 4, 4), (3, 3, 4))((1, 4, 3), (2, 4, 3), (3, 4, 3), (3, 4, 4), (4, 4, 4))((4, 0, 4), (4, 1, 3), (4, 1, 4), (4, 2, 3), (4, 3, 3))((3, 0, 4), (3, 1, 4), (3, 2, 4), (4, 2, 4), (4, 3, 4))((4, 3, 0), (4, 3, 1), (4, 4, 1), (4, 4, 2), (4, 4, 3))((1, 3, 0), (2, 3, 0), (2, 4, 0), (3, 4, 0), (4, 4, 0))((0, 4, 0), (1, 4, 0), (1, 4, 1), (2, 4, 1), (3, 4, 1))((1, 0, 4), (2, 0, 3), (2, 0, 4), (3, 0, 3), (4, 0, 3))((0, 1, 4), (1, 1, 4), (2, 1, 3), (2, 1, 4), (3, 1, 3))((0, 2, 3), (0, 3, 3), (0, 4, 3), (1, 1, 3), (1, 2, 3))((0, 2, 4), (1, 2, 4), (2, 2, 3), (2, 2, 4), (3, 2, 3))((0, 3, 4), (1, 3, 3), (1, 3, 4), (2, 3, 3), (3, 3, 3))((0, 1, 0), (0, 2, 0), (0, 3, 0), (0, 3, 1), (0, 4, 1))((0, 2, 2), (0, 3, 2), (0, 4, 2), (1, 1, 2), (1, 2, 2))((1, 3, 2), (2, 2, 2), (2, 3, 2), (3, 2, 2), (4, 2, 2))((1, 4, 2), (2, 4, 2), (3, 3, 2), (3, 4, 2), (4, 3, 2))((1, 1, 1), (2, 1, 1), (2, 1, 2), (3, 1, 2), (4, 1, 2))((1, 0, 1), (2, 0, 1), (2, 0, 2), (3, 0, 2), (4, 0, 2))((1, 0, 0), (2, 0, 0), (3, 0, 0), (3, 0, 1), (4, 0, 1))((3, 2, 0), (3, 3, 0), (4, 0, 0), (4, 1, 0), (4, 2, 0))((1, 1, 0), (2, 1, 0), (3, 1, 0), (3, 1, 1), (4, 1, 1))((1, 2, 0), (2, 2, 0), (2, 2, 1), (3, 2, 1), (4, 2, 1))((0, 2, 1), (1, 2, 1), (1, 3, 1), (2, 3, 1), (3, 3, 1))
55
((0, 0, 0), (0, 0, 1), (0, 0, 2), (1, 0, 2), (1, 0, 3))((0, 0, 3), (0, 0, 4), (0, 1, 1), (0, 1, 2), (0, 1, 3))((0, 4, 4), (1, 4, 4), (2, 3, 4), (2, 4, 4), (3, 3, 4))((3, 3, 1), (3, 3, 2), (3, 3, 3), (3, 4, 3), (3, 4, 4))((4, 3, 1), (4, 3, 2), (4, 3, 3), (4, 4, 3), (4, 4, 4))((1, 4, 3), (2, 4, 2), (2, 4, 3), (3, 4, 2), (4, 4, 2))((1, 3, 1), (2, 3, 1), (2, 4, 1), (3, 4, 1), (4, 4, 1))((3, 0, 4), (3, 1, 4), (3, 2, 4), (4, 2, 4), (4, 3, 4))((3, 0, 1), (3, 0, 2), (3, 0, 3), (4, 0, 3), (4, 0, 4))((4, 0, 1), (4, 0, 2), (4, 1, 2), (4, 1, 3), (4, 1, 4))((0, 1, 4), (0, 2, 4), (0, 3, 4), (1, 0, 4), (1, 1, 4))((3, 1, 0), (3, 2, 0), (3, 3, 0), (4, 0, 0), (4, 1, 0))((4, 1, 1), (4, 2, 0), (4, 2, 1), (4, 3, 0), (4, 4, 0))((0, 1, 0), (1, 1, 0), (2, 0, 0), (2, 1, 0), (3, 0, 0))((1, 0, 0), (1, 0, 1), (2, 0, 1), (2, 0, 2), (2, 0, 3))((0, 3, 0), (1, 3, 0), (2, 3, 0), (2, 4, 0), (3, 4, 0))((0, 3, 1), (0, 3, 2), (0, 3, 3), (0, 4, 0), (0, 4, 1))((0, 4, 2), (0, 4, 3), (1, 4, 0), (1, 4, 1), (1, 4, 2))((1, 3, 2), (2, 2, 2), (2, 3, 2), (3, 2, 2), (4, 2, 2))((1, 2, 4), (1, 3, 4), (2, 0, 4), (2, 1, 4), (2, 2, 4))((0, 2, 2), (1, 1, 2), (1, 2, 2), (2, 1, 2), (3, 1, 2))((0, 2, 0), (1, 2, 0), (2, 2, 0), (2, 2, 1), (3, 2, 1))((0, 2, 1), (1, 1, 1), (1, 2, 1), (2, 1, 1), (3, 1, 1))((1, 3, 3), (2, 2, 3), (2, 3, 3), (3, 2, 3), (4, 2, 3))((0, 2, 3), (1, 1, 3), (1, 2, 3), (2, 1, 3), (3, 1, 3))
56
((0, 0, 0), (0, 0, 1), (0, 0, 2), (0, 1, 2), (0, 1, 3))((0, 0, 3), (0, 0, 4), (1, 0, 1), (1, 0, 2), (1, 0, 3))((0, 3, 1), (0, 3, 2), (0, 3, 3), (0, 4, 3), (0, 4, 4))((0, 4, 1), (0, 4, 2), (1, 4, 2), (1, 4, 3), (1, 4, 4))((0, 3, 4), (1, 3, 4), (2, 3, 4), (2, 4, 4), (3, 4, 4))((0, 2, 2), (0, 2, 3), (0, 2, 4), (1, 2, 1), (1, 2, 2))((0, 1, 1), (0, 2, 0), (0, 2, 1), (0, 3, 0), (0, 4, 0))((0, 1, 0), (1, 0, 0), (1, 1, 0), (2, 0, 0), (3, 0, 0))((0, 1, 4), (1, 0, 4), (1, 1, 4), (2, 0, 4), (3, 0, 4))((1, 2, 0), (2, 1, 0), (2, 2, 0), (3, 1, 0), (4, 1, 0))((3, 0, 2), (3, 0, 3), (4, 0, 0), (4, 0, 1), (4, 0, 2))((4, 0, 4), (4, 1, 4), (4, 2, 3), (4, 2, 4), (4, 3, 3))((4, 0, 3), (4, 1, 2), (4, 1, 3), (4, 2, 2), (4, 3, 2))((4, 1, 1), (4, 2, 0), (4, 2, 1), (4, 3, 0), (4, 4, 0))((1, 1, 1), (1, 1, 2), (1, 1, 3), (1, 2, 3), (1, 2, 4))((3, 1, 4), (3, 2, 4), (3, 3, 4), (4, 3, 4), (4, 4, 4))((1, 3, 0), (2, 3, 0), (2, 3, 1), (3, 3, 1), (4, 3, 1))((1, 3, 1), (1, 3, 2), (1, 3, 3), (1, 4, 0), (1, 4, 1))((3, 4, 0), (3, 4, 1), (4, 4, 1), (4, 4, 2), (4, 4, 3))((3, 0, 1), (3, 1, 1), (3, 2, 0), (3, 2, 1), (3, 3, 0))((2, 4, 0), (2, 4, 1), (2, 4, 2), (3, 4, 2), (3, 4, 3))((2, 0, 2), (2, 1, 2), (3, 1, 2), (3, 2, 2), (3, 3, 2))((2, 0, 1), (2, 1, 1), (2, 2, 1), (2, 2, 2), (2, 3, 2))((2, 1, 4), (2, 2, 3), (2, 2, 4), (2, 3, 3), (2, 4, 3))((2, 0, 3), (2, 1, 3), (3, 1, 3), (3, 2, 3), (3, 3, 3))
57
((0, 0, 0), (0, 0, 1), (0, 0, 2), (0, 1, 2), (0, 1, 3))((0, 0, 3), (0, 0, 4), (1, 0, 1), (1, 0, 2), (1, 0, 3))((0, 3, 1), (0, 3, 2), (0, 3, 3), (0, 4, 3), (0, 4, 4))((0, 4, 1), (0, 4, 2), (1, 4, 2), (1, 4, 3), (1, 4, 4))((0, 3, 4), (1, 3, 4), (2, 3, 4), (2, 4, 4), (3, 4, 4))((0, 2, 4), (1, 2, 4), (2, 1, 4), (2, 2, 4), (3, 1, 4))((0, 1, 4), (1, 0, 4), (1, 1, 4), (2, 0, 4), (3, 0, 4))((3, 4, 1), (3, 4, 2), (3, 4, 3), (4, 4, 3), (4, 4, 4))((0, 4, 0), (1, 3, 0), (1, 4, 0), (2, 3, 0), (3, 3, 0))((1, 4, 1), (2, 4, 0), (2, 4, 1), (3, 4, 0), (4, 4, 0))((0, 2, 0), (0, 3, 0), (1, 0, 0), (1, 1, 0), (1, 2, 0))((0, 1, 0), (0, 1, 1), (0, 2, 1), (0, 2, 2), (0, 2, 3))((3, 0, 1), (3, 0, 2), (3, 0, 3), (4, 0, 0), (4, 0, 1))((2, 0, 0), (2, 1, 0), (2, 2, 0), (2, 2, 1), (2, 3, 1))((1, 1, 1), (1, 2, 1), (1, 3, 1), (2, 0, 1), (2, 1, 1))((3, 0, 0), (3, 1, 0), (3, 2, 0), (4, 2, 0), (4, 3, 0))((3, 2, 4), (3, 3, 4), (4, 0, 4), (4, 1, 4), (4, 2, 4))((3, 1, 1), (3, 2, 1), (4, 2, 1), (4, 3, 1), (4, 4, 1))((3, 3, 1), (3, 3, 2), (3, 3, 3), (4, 3, 3), (4, 3, 4))((4, 0, 2), (4, 0, 3), (4, 1, 0), (4, 1, 1), (4, 1, 2))((4, 1, 3), (4, 2, 2), (4, 2, 3), (4, 3, 2), (4, 4, 2))((2, 2, 2), (2, 3, 2), (2, 4, 2), (3, 1, 2), (3, 2, 2))((1, 1, 2), (1, 2, 2), (1, 3, 2), (2, 0, 2), (2, 1, 2))((2, 2, 3), (2, 3, 3), (2, 4, 3), (3, 1, 3), (3, 2, 3))((1, 1, 3), (1, 2, 3), (1, 3, 3), (2, 0, 3), (2, 1, 3))
58
((0, 0, 0), (0, 0, 1), (0, 0, 2), (1, 0, 2), (1, 0, 3))((0, 0, 3), (0, 0, 4), (0, 1, 1), (0, 1, 2), (0, 1, 3))((0, 3, 1), (0, 3, 2), (0, 3, 3), (0, 4, 3), (0, 4, 4))((0, 4, 0), (1, 3, 0), (1, 4, 0), (2, 3, 0), (3, 3, 0))((0, 1, 0), (0, 2, 0), (0, 3, 0), (1, 0, 0), (1, 1, 0))((0, 4, 1), (0, 4, 2), (1, 4, 2), (1, 4, 3), (1, 4, 4))((1, 4, 1), (2, 4, 0), (2, 4, 1), (3, 4, 0), (4, 4, 0))((1, 0, 1), (2, 0, 0), (2, 0, 1), (3, 0, 0), (4, 0, 0))((0, 3, 4), (1, 3, 4), (2, 3, 4), (2, 4, 4), (3, 4, 4))((0, 2, 4), (1, 2, 4), (2, 2, 3), (2, 2, 4), (3, 2, 3))((1, 3, 3), (2, 3, 3), (2, 4, 3), (3, 4, 3), (4, 4, 3))((0, 2, 1), (0, 2, 2), (0, 2, 3), (1, 2, 0), (1, 2, 1))((1, 2, 2), (1, 2, 3), (2, 2, 0), (2, 2, 1), (2, 2, 2))((1, 3, 2), (2, 3, 2), (2, 4, 2), (3, 4, 2), (4, 4, 2))((1, 3, 1), (2, 3, 1), (3, 3, 1), (3, 4, 1), (4, 4, 1))((3, 1, 4), (3, 2, 4), (3, 3, 4), (4, 3, 4), (4, 4, 4))((3, 3, 2), (3, 3, 3), (4, 3, 0), (4, 3, 1), (4, 3, 2))((4, 1, 2), (4, 1, 3), (4, 2, 0), (4, 2, 1), (4, 2, 2))((4, 0, 4), (4, 1, 4), (4, 2, 3), (4, 2, 4), (4, 3, 3))((3, 1, 2), (3, 1, 3), (3, 2, 0), (3, 2, 1), (3, 2, 2))((4, 0, 1), (4, 0, 2), (4, 0, 3), (4, 1, 0), (4, 1, 1))((0, 1, 4), (1, 0, 4), (1, 1, 4), (2, 0, 4), (3, 0, 4))((3, 0, 1), (3, 0, 2), (3, 0, 3), (3, 1, 0), (3, 1, 1))((2, 0, 2), (2, 0, 3), (2, 1, 0), (2, 1, 1), (2, 1, 2))((1, 1, 1), (1, 1, 2), (1, 1, 3), (2, 1, 3), (2, 1, 4))
59
((0, 0, 0), (0, 0, 1), (0, 0, 2), (1, 0, 2), (1, 0, 3))((0, 0, 3), (0, 0, 4), (0, 1, 1), (0, 1, 2), (0, 1, 3))((0, 4, 4), (1, 4, 3), (1, 4, 4), (2, 4, 3), (3, 4, 3))((0, 3, 4), (1, 3, 4), (2, 3, 4), (2, 4, 4), (3, 4, 4))((4, 1, 3), (4, 2, 3), (4, 3, 3), (4, 3, 4), (4, 4, 4))((4, 3, 0), (4, 3, 1), (4, 4, 1), (4, 4, 2), (4, 4, 3))((1, 3, 0), (2, 3, 0), (2, 4, 0), (3, 4, 0), (4, 4, 0))((0, 4, 0), (1, 4, 0), (1, 4, 1), (2, 4, 1), (3, 4, 1))((3, 2, 4), (3, 3, 4), (4, 0, 4), (4, 1, 4), (4, 2, 4))((0, 1, 0), (0, 2, 0), (0, 3, 0), (0, 3, 1), (0, 4, 1))((0, 1, 4), (0, 2, 3), (0, 2, 4), (0, 3, 3), (0, 4, 3))((1, 0, 4), (1, 1, 4), (1, 2, 3), (1, 2, 4), (1, 3, 3))((0, 2, 2), (0, 3, 2), (0, 4, 2), (1, 1, 2), (1, 2, 2))((1, 3, 2), (2, 2, 2), (2, 3, 2), (3, 2, 2), (4, 2, 2))((1, 4, 2), (2, 4, 2), (3, 3, 2), (3, 4, 2), (4, 3, 2))((2, 0, 4), (2, 1, 4), (2, 2, 3), (2, 2, 4), (2, 3, 3))((3, 0, 4), (3, 1, 3), (3, 1, 4), (3, 2, 3), (3, 3, 3))((1, 1, 3), (2, 0, 3), (2, 1, 3), (3, 0, 3), (4, 0, 3))((1, 1, 1), (2, 1, 1), (2, 1, 2), (3, 1, 2), (4, 1, 2))((1, 0, 1), (2, 0, 1), (2, 0, 2), (3, 0, 2), (4, 0, 2))((1, 0, 0), (2, 0, 0), (3, 0, 0), (3, 0, 1), (4, 0, 1))((3, 2, 0), (3, 3, 0), (4, 0, 0), (4, 1, 0), (4, 2, 0))((1, 1, 0), (2, 1, 0), (3, 1, 0), (3, 1, 1), (4, 1, 1))((1, 2, 0), (2, 2, 0), (2, 2, 1), (3, 2, 1), (4, 2, 1))((0, 2, 1), (1, 2, 1), (1, 3, 1), (2, 3, 1), (3, 3, 1))
60
((0, 0, 0), (0, 0, 1), (0, 0, 2), (0, 1, 2), (0, 1, 3))((0, 0, 3), (0, 0, 4), (1, 0, 1), (1, 0, 2), (1, 0, 3))((0, 4, 4), (1, 4, 3), (1, 4, 4), (2, 4, 3), (3, 4, 3))((0, 3, 4), (1, 3, 4), (2, 3, 4), (2, 4, 4), (3, 4, 4))((4, 1, 3), (4, 2, 3), (4, 3, 3), (4, 3, 4), (4, 4, 4))((3, 4, 0), (3, 4, 1), (4, 4, 1), (4, 4, 2), (4, 4, 3))((3, 1, 0), (3, 2, 0), (4, 2, 0), (4, 3, 0), (4, 4, 0))((4, 0, 0), (4, 1, 0), (4, 1, 1), (4, 2, 1), (4, 3, 1))((3, 2, 4), (3, 3, 4), (4, 0, 4), (4, 1, 4), (4, 2, 4))((1, 0, 4), (1, 1, 4), (1, 2, 3), (1, 2, 4), (1, 3, 3))((0, 1, 4), (0, 2, 3), (0, 2, 4), (0, 3, 3), (0, 4, 3))((1, 1, 3), (2, 0, 3), (2, 1, 3), (3, 0, 3), (4, 0, 3))((3, 0, 4), (3, 1, 3), (3, 1, 4), (3, 2, 3), (3, 3, 3))((2, 0, 4), (2, 1, 4), (2, 2, 3), (2, 2, 4), (2, 3, 3))((1, 0, 0), (2, 0, 0), (3, 0, 0), (3, 0, 1), (4, 0, 1))((1, 1, 2), (2, 0, 2), (2, 1, 2), (3, 0, 2), (4, 0, 2))((3, 3, 2), (3, 4, 2), (4, 1, 2), (4, 2, 2), (4, 3, 2))((2, 2, 2), (2, 3, 2), (2, 4, 2), (3, 1, 2), (3, 2, 2))((1, 1, 1), (1, 2, 1), (1, 2, 2), (1, 3, 2), (1, 4, 2))((0, 1, 1), (0, 2, 1), (0, 2, 2), (0, 3, 2), (0, 4, 2))((0, 1, 0), (0, 2, 0), (0, 3, 0), (0, 3, 1), (0, 4, 1))((1, 1, 0), (1, 2, 0), (1, 3, 0), (1, 3, 1), (1, 4, 1))((0, 4, 0), (1, 4, 0), (2, 3, 0), (2, 4, 0), (3, 3, 0))((2, 1, 0), (2, 2, 0), (2, 2, 1), (2, 3, 1), (2, 4, 1))((2, 0, 1), (2, 1, 1), (3, 1, 1), (3, 2, 1), (3, 3, 1))
61
((0, 0, 0), (0, 0, 1), (0, 0, 2), (1, 0, 2), (1, 0, 3))((0, 0, 3), (0, 0, 4), (0, 1, 1), (0, 1, 2), (0, 1, 3))((0, 4, 4), (1, 4, 3), (1, 4, 4), (2, 4, 3), (3, 4, 3))((0, 3, 4), (1, 3, 4), (2, 3, 4), (2, 4, 4), (3, 4, 4))((3, 4, 1), (3, 4, 2), (4, 4, 2), (4, 4, 3), (4, 4, 4))((0, 4, 0), (1, 3, 0), (1, 4, 0), (2, 3, 0), (3, 3, 0))((1, 4, 1), (2, 4, 0), (2, 4, 1), (3, 4, 0), (4, 4, 0))((0, 1, 0), (0, 2, 0), (0, 3, 0), (0, 3, 1), (0, 4, 1))((0, 1, 4), (0, 2, 3), (0, 2, 4), (0, 3, 3), (0, 4, 3))((0, 4, 2), (1, 4, 2), (2, 3, 2), (2, 4, 2), (3, 3, 2))((0, 3, 2), (1, 3, 1), (1, 3, 2), (2, 3, 1), (3, 3, 1))((4, 1, 0), (4, 2, 0), (4, 3, 0), (4, 3, 1), (4, 4, 1))((1, 0, 0), (1, 0, 1), (2, 0, 1), (2, 0, 2), (2, 0, 3))((1, 1, 0), (2, 0, 0), (2, 1, 0), (3, 0, 0), (4, 0, 0))((1, 3, 3), (2, 3, 3), (3, 3, 3), (3, 3, 4), (4, 3, 4))((1, 0, 4), (2, 0, 4), (3, 0, 4), (3, 1, 4), (4, 1, 4))((4, 0, 1), (4, 1, 1), (4, 2, 1), (4, 2, 2), (4, 3, 2))((3, 0, 1), (3, 0, 2), (4, 0, 2), (4, 0, 3), (4, 0, 4))((3, 0, 3), (3, 1, 3), (3, 2, 3), (4, 2, 3), (4, 3, 3))((3, 1, 0), (3, 1, 1), (3, 1, 2), (4, 1, 2), (4, 1, 3))((1, 1, 4), (2, 1, 4), (2, 2, 4), (3, 2, 4), (4, 2, 4))((2, 1, 1), (2, 1, 2), (2, 1, 3), (2, 2, 0), (2, 2, 1))((2, 2, 2), (2, 2, 3), (3, 2, 0), (3, 2, 1), (3, 2, 2))((0, 2, 1), (0, 2, 2), (1, 2, 2), (1, 2, 3), (1, 2, 4))((1, 1, 1), (1, 1, 2), (1, 1, 3), (1, 2, 0), (1, 2, 1))
62
((0, 0, 0), (0, 0, 1), (0, 0, 2), (0, 1, 2), (0, 1, 3))((0, 0, 3), (0, 0, 4), (1, 0, 1), (1, 0, 2), (1, 0, 3))((0, 3, 4), (0, 4, 4), (1, 1, 4), (1, 2, 4), (1, 3, 4))((0, 1, 4), (0, 2, 3), (0, 2, 4), (0, 3, 3), (0, 4, 3))((1, 0, 4), (2, 0, 3), (2, 0, 4), (3, 0, 3), (4, 0, 3))((3, 2, 4), (3, 3, 4), (4, 0, 4), (4, 1, 4), (4, 2, 4))((2, 1, 4), (2, 2, 4), (2, 3, 4), (3, 0, 4), (3, 1, 4))((4, 1, 3), (4, 2, 3), (4, 3, 3), (4, 3, 4), (4, 4, 4))((4, 0, 0), (4, 1, 0), (4, 1, 1), (4, 2, 1), (4, 3, 1))((1, 0, 0), (2, 0, 0), (2, 0, 1), (3, 0, 1), (4, 0, 1))((1, 1, 2), (2, 0, 2), (2, 1, 2), (3, 0, 2), (4, 0, 2))((1, 1, 3), (2, 1, 3), (3, 1, 2), (3, 1, 3), (4, 1, 2))((3, 0, 0), (3, 1, 0), (3, 2, 0), (4, 2, 0), (4, 3, 0))((1, 2, 3), (2, 2, 3), (3, 2, 2), (3, 2, 3), (4, 2, 2))((0, 2, 2), (1, 2, 2), (2, 2, 1), (2, 2, 2), (3, 2, 1))((0, 1, 0), (1, 1, 0), (2, 1, 0), (2, 1, 1), (3, 1, 1))((0, 2, 0), (1, 2, 0), (2, 2, 0), (2, 3, 0), (3, 3, 0))((0, 1, 1), (0, 2, 1), (0, 3, 0), (0, 3, 1), (0, 4, 0))((1, 1, 1), (1, 2, 1), (1, 3, 0), (1, 3, 1), (1, 4, 0))((1, 4, 1), (2, 4, 0), (2, 4, 1), (3, 4, 0), (4, 4, 0))((0, 4, 1), (0, 4, 2), (1, 4, 2), (1, 4, 3), (1, 4, 4))((3, 4, 3), (3, 4, 4), (4, 4, 1), (4, 4, 2), (4, 4, 3))((0, 3, 2), (1, 3, 2), (2, 3, 1), (2, 3, 2), (3, 3, 1))((1, 3, 3), (2, 3, 3), (3, 3, 2), (3, 3, 3), (4, 3, 2))((2, 4, 2), (2, 4, 3), (2, 4, 4), (3, 4, 1), (3, 4, 2))
63
((0, 0, 0), (0, 0, 1), (0, 0, 2), (0, 1, 2), (0, 1, 3))((0, 0, 3), (0, 0, 4), (1, 0, 1), (1, 0, 2), (1, 0, 3))((0, 3, 4), (0, 4, 4), (1, 1, 4), (1, 2, 4), (1, 3, 4))((0, 1, 4), (0, 2, 3), (0, 2, 4), (0, 3, 3), (0, 4, 3))((1, 0, 4), (2, 0, 4), (3, 0, 3), (3, 0, 4), (4, 0, 3))((4, 0, 4), (4, 1, 4), (4, 2, 3), (4, 2, 4), (4, 3, 3))((3, 1, 4), (3, 2, 4), (3, 3, 4), (4, 3, 4), (4, 4, 4))((4, 0, 0), (4, 0, 1), (4, 0, 2), (4, 1, 2), (4, 1, 3))((3, 4, 3), (3, 4, 4), (4, 4, 1), (4, 4, 2), (4, 4, 3))((0, 4, 1), (0, 4, 2), (1, 4, 2), (1, 4, 3), (1, 4, 4))((2, 3, 1), (2, 3, 2), (2, 4, 2), (2, 4, 3), (2, 4, 4))((0, 3, 0), (0, 3, 1), (0, 3, 2), (1, 3, 2), (1, 3, 3))((3, 0, 2), (3, 1, 2), (3, 2, 2), (4, 2, 2), (4, 3, 2))((3, 1, 3), (3, 2, 3), (3, 3, 2), (3, 3, 3), (3, 4, 2))((2, 0, 2), (2, 1, 2), (2, 2, 2), (2, 2, 3), (2, 3, 3))((2, 0, 3), (2, 1, 3), (2, 1, 4), (2, 2, 4), (2, 3, 4))((0, 2, 0), (0, 2, 1), (0, 2, 2), (1, 2, 2), (1, 2, 3))((0, 1, 0), (0, 1, 1), (1, 1, 1), (1, 1, 2), (1, 1, 3))((3, 0, 1), (3, 1, 1), (4, 1, 1), (4, 2, 1), (4, 3, 1))((2, 0, 1), (2, 1, 1), (2, 2, 1), (3, 2, 1), (3, 3, 1))((1, 0, 0), (1, 1, 0), (1, 2, 0), (1, 2, 1), (1, 3, 1))((2, 0, 0), (2, 1, 0), (2, 2, 0), (3, 2, 0), (3, 3, 0))((1, 3, 0), (2, 3, 0), (2, 4, 0), (3, 4, 0), (4, 4, 0))((3, 0, 0), (3, 1, 0), (4, 1, 0), (4, 2, 0), (4, 3, 0))((0, 4, 0), (1, 4, 0), (1, 4, 1), (2, 4, 1), (3, 4, 1))
64
((0, 0, 0), (0, 0, 1), (0, 0, 2), (0, 1, 2), (0, 1, 3))((0, 0, 3), (0, 0, 4), (1, 0, 1), (1, 0, 2), (1, 0, 3))((0, 3, 4), (0, 4, 4), (1, 1, 4), (1, 2, 4), (1, 3, 4))((0, 1, 4), (0, 2, 3), (0, 2, 4), (0, 3, 3), (0, 4, 3))((1, 0, 4), (2, 0, 4), (3, 0, 4), (3, 1, 4), (4, 1, 4))((4, 0, 2), (4, 0, 3), (4, 0, 4), (4, 1, 1), (4, 1, 2))((3, 0, 1), (3, 0, 2), (3, 0, 3), (4, 0, 0), (4, 0, 1))((4, 1, 3), (4, 2, 3), (4, 2, 4), (4, 3, 4), (4, 4, 4))((0, 4, 1), (0, 4, 2), (1, 4, 2), (1, 4, 3), (1, 4, 4))((2, 4, 2), (2, 4, 3), (2, 4, 4), (3, 4, 1), (3, 4, 2))((3, 4, 3), (3, 4, 4), (4, 4, 1), (4, 4, 2), (4, 4, 3))((1, 4, 1), (2, 4, 0), (2, 4, 1), (3, 4, 0), (4, 4, 0))((0, 4, 0), (1, 3, 0), (1, 4, 0), (2, 3, 0), (3, 3, 0))((0, 3, 0), (0, 3, 1), (0, 3, 2), (1, 3, 2), (1, 3, 3))((3, 0, 0), (3, 1, 0), (4, 1, 0), (4, 2, 0), (4, 3, 0))((1, 0, 0), (1, 1, 0), (1, 2, 0), (1, 2, 1), (1, 3, 1))((0, 2, 0), (0, 2, 1), (0, 2, 2), (1, 2, 2), (1, 2, 3))((3, 3, 3), (3, 3, 4), (4, 3, 1), (4, 3, 2), (4, 3, 3))((0, 1, 0), (0, 1, 1), (1, 1, 1), (1, 1, 2), (1, 1, 3))((3, 2, 2), (3, 2, 3), (3, 2, 4), (4, 2, 1), (4, 2, 2))((2, 3, 2), (2, 3, 3), (2, 3, 4), (3, 3, 1), (3, 3, 2))((3, 1, 1), (3, 1, 2), (3, 1, 3), (3, 2, 0), (3, 2, 1))((2, 1, 1), (2, 1, 2), (2, 2, 2), (2, 2, 3), (2, 2, 4))((2, 0, 1), (2, 0, 2), (2, 0, 3), (2, 1, 3), (2, 1, 4))((2, 0, 0), (2, 1, 0), (2, 2, 0), (2, 2, 1), (2, 3, 1))
