0 -> 3667785 3669315 4188771 15998991 18300825 18421695 35925951 54068370 54068385 66535326 66535341 71775087 71778252 100984191 104079435 113516844 178280970 178529322 178847898 201649623 201800181 214182216 214182276 217530219 217530279 251930769 356786508 570899406 570900393 571429551 571444083 713302824 805627743 805778301 818160396 855908649 855908889 880277325 906240840 951156687 1001409306 1001409321 1010252751 1010779119 1024557015 1141125087 1426335042 1572087177 1714895823 1714896303 1789894554 1807287450 1807287465 3222006990 3222253170 3224644611 3322162464 3368005305 3400121850 3422559873 3426170799 3426171759 3470794314 3470794374 3684968730 3809950527 4026535746 4026806016 4062658422 4172287881 4245688209 4293922650 4293922665 4293922710 4293922725 9127837506 9144902169 9181310706 9193136670 9193136685 9198379596 9273584847 9273589641 9306090234 9346985175 9346989969 9364615095 9395224410 9395224425 9395224470 9395224485 10267928130 10271833923 10413680265 12401782290 12401782305 12526561818 12885621198 12885867378 12888577155 12986095008 13031619513 13031635515 13064091630 13064191386 13174242147 13348901274 13690738560 13892492247 14029617615 14029863795 14204540106 14641796235 14739313608 14739314088 16124672319 16249454442 16249700328 16308419991 16324148859 16324148919 16392060366 16392306546 16538058681 18254085582 18254225358 18254458143 18254615727 18270187071 18272043033 18320277534 18320277549 18325520460 18329107725 18358267515 18396489000 18432873978 18610974588 18824642601 19025972223 19077744063 25770846834 25916598969 25948715514 25965979674 25965979689 25971153537 26019387978 26019388038 26575129410 26720881545 26794281873 26842516314 26842516329 26842516374 26842516389 26914843251 27719125827 28991106114 29136858249 29210258577 29258493018 29258493033 29258493078 29258493093 29762858145 29871271791 31154786319 31157386521 31174713279 31175011647 31175111487 31175114604 31205621022 31205621037 31210863948 31242866763 31252304172 31282067310 31317300648 31317316650 31352969544 31352969604 31390718097 31495573836 31709986089 31852090152 31956947724 31994695977 31994696217 32045028168 36582144879 36611554659 36712218561 36724549707 36724549767 36792707394 36938459529 37316198211 37514178519 37514329077 37526711112 37526711172 37564459425 37564459665 37936703811 45634300482 45780052617 45853452945 45901687386 45901687401 45901687446 45901687461 46778296899 51736330266 51736330281 54761441346 54761456706 54907193481 54907208841 54980593809 54980609169 55028828250 55028828265 55028828310 55028828325 55028843610 55028843625 55028843670 55028843685 55533193377 55533208737 55641622383 64425070914 64570823049 64570839051 64644223377 64668356904 64692457818 64692457833 64692457878 64692457893 65196822945 65373000456 65569067331 67863337035 67863337095 67863352395 67863352455 67883662263 67883677623 67931494722 67931510082 68077246857 68077262217 68665498440 68665498500 68665513800 68665513860 68703246753 68703246993 68703262113 68703262353 73157134632 73160683215 73234083543 73252052919 73269332118 73269332133 73584953922 73730706057 73786683111 73804106385 73923627363 74021175255 74021433333 74024291265 74024307267 74628689643 74728950339 74728950819 74803403274 74829614721 76449647976 76449648036 76487396529 77044198659 82378307718 91268140098 91413892233 91487292561 91535527002 91535527017 91535527062 91535527077 92039892129 98998241640 98998241700 99035990193 99592792323 100596268161 100596275841 100644502602 100644502662 100644510282 100644510342 146029101006 146029898958 146046918681 146095153182 146095153197 146100396108 146599518249 146670872445 146800847871 147169944642 147173097423 147173895375 147315696777 149268152127 149268950079 149303798802 149303798817 149428578330 164354584188 182536316994 182682069129 182755469457 182803703898 182803703913 182803703958 182803703973 183106793331 183308069025 183680313411 206354728986 206354729001 209379855426 209525607561 209599007889 209647242330 209647242345 209647242390 209647242405 210151607457 219043408194 219043469634 219189160329 219189176331 219189221769 219189237771 219262560657 219262622097 219286694184 219286755624 219310795098 219310795113 219310795158 219310795173 219310856538 219310856553 219310856598 219310856613 219815160225 219815221665 219991337736 219991399176 220187404611 220187466051 222481689675 222481689735 222481751115 222481751175 222549847362 222549908802 222695599497 222695660937 223283851080 223283851140 223283912520 223283912580 223321599393 223321599633 223321660833 223321661073 231928449090 232074201225 232147601553 232195835994 232195836009 232195836054 232195836069 232700201121 233072445507 270820569015 270820630455 292058816322 292093695618 292112289522 292203753423 292204563663 292204568457 292237069050 292277153751 292277963991 292277968785 292295593911 292326203226 292326203241 292326203286 292326203301 292829753319 292830563187 292830563559 292830568353 292881300441 292916823954 292916823969 292929534942 292929534957 293041603482 293202812739 293671759851 293672570091 293846914698 293865508602 296084762574 304946798307 304960903167 304979304243 305086259097 305121333672 305198456790 305198456805 305207893881 305207893941 305374617039 305407122426 306000616935 306000617175 306084503379 306226532808 306700017387 306842623467 365072549280 365072564802 365072584713 365108262207 365120819214 365173275129 365218316937 365273914335 365274037959 365291717265 365309286534 365339951706 365339951721 365339951766 365339951781 365643037359 365844060801 365844316833 365877918681 365895713049 365926153182 365943947550 365943947565 365949190476 365981854191 366023765967 366082386927 366097166295 366132414870 366132414885 366213461343 366216561219 366683201439 366718817922 366825768360 367018739010 367164491145 368329464834 369102416751 369152593170 369152593185 369277372698 374400692865 374448927306 374448927366 401781135489 401816812983 401829369930 401829369990 402385111362 402530863497 402604263825 402652498266 402652498281 402652498326 402652498341 403529107779 498234496959 498270143634 498270143649 498394923162 500023362714 500023362729 501616197114 511104590979 511104652419 511202108832 511202170272 511564915098 511564976538 511906752384 511906813824 512420553930 512420615370 512857810059 512857871499 512955327432 512955327912 512955388872 512955389352 584116182990 584116592265 584134000665 584164826766 584182235166 584182235181 584187478092 584320674543 584353578630 584686600233 584887929855 584939720601 584987955102 584987955117 584993194863 584993198028 585123219957 585138949995 585138950055 585176706966 585176706981 585257026626 585260179407 585402778761 585729961647 587355234111 587373067770 587390880786 587390880801 587515660314 587908241967 588347590575 588347591535 597016743951 597036670911 597037069119 597037072236 597104824395 597114261804 597144024942 597179274282 597214927176 597214927236 597252675729 597357531468 597490727919 597714047784 597818905356 597856653609 597856653849 597906985800 598141870047 598142268255 598427080002 598572832137 598900015023 600222646248 600225389571 600322907424 600400904046 600685713690 601027550976 603175505358 615397233960 824634322686 824634518526 824634533247 824709182829 824738519535 824738529123 824835838593 824871516087 824884073034 824884073094 824922893295 825439814466 825443163087 825443184015 825585566601 825658966929 825707201370 825707201385 825707201430 825707201445 825778319103 825778514943 826263164793 826280866623 826280869740 826311399294 826387822446 826583810883 827859082095 827859090831 828001486923 828099004776 828140957694 828803648328 828839521662 832565108091 833764718409 833764719939 833777049615 833779351449 833796976575 833827585950 833827585965 833832825711 833832828876 833862034815 833865130059 833874567468 833939579946 833962700247 833962850805 833975232840 833975232900 833978580843 833978580903 834012981393 834117837132 834902175711 835187385666 835333137801 836985695235 837083213088 837178624602 837178624617 837187221423 837187222383 837446019354 837537461625 837585696126 837804376062 838324936398 838324940238 838948372479 839272372008 839468932815 839468936655 840740847054 840740863023 840882994440 840883250472 840919121274 841563987519 841563991359 850404384834 850407485391 850407684495 850550136969 850623537297 850671771738 850671771753 850671771798 850671771813 850689551358 850974861171 851176136865 851548381251 851833547775 852015136206 852015143886 852157539624 852157547304 853768169736 853771517739 853804022142 861145103715 861343084023 862898315241 862971715569 862989417399 863019950070 870343195503 870372605283 870473269185 870485600331 870485600391 870553758018 870699510153 871697754435 874172612073 874246012401 874294246902 876173627913 876173873673 876209305407 876221862414 876222108174 876996756249 876997002009 877044990750 877044990765 877045236510 877045236525 877050233676 877050479436 877314504543 878119782210 878120027970 878265534345 878265780105 879430508034 879430753794 880253636370 880253636385 880253882130 880253882145 880378415898 880378661658 889201266984 889201512744 889295650743 889295896503 892297715583 892297961343 892458146088 892458391848 897664487439 897684414399 897684812607 897684815724 897749472639 897752567883 897762005292 897791768430 897827017770 897850138071 897850394103 897862670664 897862670724 897862926696 897862926756 897900419217 897900675249 898005274956 898138471407 898361791272 898454116191 898457477379 898466648844 898504397097 898504397337 898528832367 898554729288 898558152687 898789613535 898790011743 899074823490 899220575625 899460960897 899496638391 899509195338 899509195398 899547758511 900739230639 900870389736 900873133059 900970650912 901048647534 901333457178 901675294464 906793390617 906841625118 906841625133 906846868044 907916416578 908062168713 910050270738 910050270753 910175050266 916044977448 934373038155 934373038215 934393363383 934441195842 934586947977 935162666967 935175199560 935175199620 935212947873 935212948113 935585192259 943282788930 943428541065 943501941393 943550175834 943550175849 943550175894 943550175909 944426785347 949200716076 949200961836 949238464569 949238710329 949288796520 949289042280 950067896589 950068142349 950798750217 950798995977 950834427711 950846984718 950847230478 951137445123 951137690883 952409361696 952409607456 970666502895 970948832718 971233758207 972092829135 973884567294 974030597499 974080641114 974080641129 974740483647 974790815598 1030793134146 1030938886281 1031012286609 1031060521050 1031060521065 1031060521110 1031060521125 1031363610483 1031564886177 1031937130563 1043677933518 1043677994958 1043894968395 1043894968455 1043895029835 1043895029895 1043963126082 1043963187522 1044108878217 1044108939657 1044684597207 1044684658647 1044697129800 1044697129860 1044697191240 1044697191300 1044734878113 1044734878353 1044734939553 1044734939793 1044821929935 1044821991375 1045107122499 1045107183939 1046916984639 1046917046079 1082332258254 1082332504014 1082350075929 1082350321689 1082398310430 1082398310445 1082398556190 1082398556205 1082403553356 1082403799116 1082536749807 1082902675497 1082902921257 1083104005119 1083104250879 1083473101890 1083473347650 1083476254671 1083476500431 1083618854025 1083619099785 1083946036911 1085571309375 1085571555135 1085589143034 1085589388794 1085606956050 1085606956065 1085607201810 1085607201825 1085731735578 1085731981338 1095232757775 1095232819215 1095233003535 1095233064975 1095252684735 1095252746175 1095252930495 1095252991935 1095320838219 1095320899659 1095321083979 1095321145419 1095330275628 1095330337068 1095330521388 1095330582828 1095395288106 1095395349546 1095395533866 1095395595306 1095430941000 1095430941060 1095431002440 1095431002500 1095431186760 1095431186820 1095431248200 1095431248260 1095468689553 1095468750993 1095468935313 1095468996753 1095573545292 1095573606732 1095573791052 1095573852492 1095706803183 1095930061608 1095930123048 1095930307368 1095930368808 1096034919180 1096034980620 1096035164940 1096035226380 1096072667433 1096072667673 1096072728873 1096072729113 1096072913193 1096072913433 1096072974633 1096072974873 1096122999624 1096123061064 1096123245384 1096123306824 1096357883871 1096357945311 1096358129631 1096358191071 1096643093826 1096643155266 1096643339586 1096643401026 1096788845961 1096788907401 1096789091721 1096789153161 1097116090287 1098441403395 1098441464835 1098441649155 1098441710595 1098538921248 1098538982688 1098539167008 1098539228448 1098901727514 1098901788954 1098901973274 1098902034714 1099243564800 1099243626240 1099243810560 1099243872000
765855 -> 412352803872 413458003008
1023837 -> 9133105890 292064084706
1048575 -> 0
15998991 -> 765855 219918303 772517871 73216802511 73585500159 73820778399 74039930847 827855695743 839851343871 901675708287 926640208767
18030588 -> 35939859 301220538579 833796990483
18300825 -> 18317102133 18361142325 18361142355 824697253941 824741294133 824741294163
36665058 -> 51685394283 51685593387
50610363 -> 26588737332 26676817776 826592986932 850504794108 851557557300 861959359284 862047439728 886923929652 887012010096 1030893543420 1031946306612 1045116298548 1045116359988 1067312678964 1067400759408 1080482670900 1080482732340 1080570751344 1080570812784
63927231 -> 51740967036 53150254140
71507964 -> 35939910 833796990534 876209283702 876209529462
71775087 -> 853625305428
71778252 -> 18307664982 18307664997 824687816790 824687816805
107967423 -> 53150254182
202182882 -> 55192775673 257840904153 257843954121 261350377929 261350393289 270191971017 270191986377 611457213897 791845963209 800687556297
571444083 -> 7985960631 30534554295 30534557412 149451450039
714079947 -> 18030588
805464849 -> 305085741006 306553747434 306805405623
951156687 -> 970681090971 971233690539
1010252751 -> 827873298387 828425897955 850421892051 850974491619
1141794675 -> 16248929352 64625874135
1610896011 -> 886974672636
1611469986 -> 258087319407
1661990463 -> 71507964
1714895823 -> 850421892723
3221785956 -> 1847951094 66273074934 73251897078
3293576430 -> 288361797 9129954885
3809950527 -> 824634265137 850475372145 852685770417
6845126304 -> 51590977983
9127652967 -> 13137523344 74021151732
9133105890 -> 77186805519 99735399183 861287710575 898600084239 951280051983 951280297743
9144902169 -> 901746599733 924295193397 927508032309 927552072501 927552072531
9198379596 -> 926675466822 927498595158 927498595173
9199105023 -> 54760860228 54760875588 585256445508
12885192843 -> 73077997308 897711683604 899657839908 899657840148 907946833428 935011679607 935024212260 935024212500 943313205780 943401286224
12888577155 -> 465190564443
12935487504 -> 293064686001 293112920442 293112920502
13031619513 -> 3293017599
13086285936 -> 146100961245
13086687222 -> 1048575
13656710064 -> 36665058 1789884138
18254458143 -> 13762483776 15267428256 15268238496 15972882048
18270187071 -> 73891136847 76101535119
18397265817 -> 62932140 106972332 106972362
18825072447 -> 4634728032 6845126304 146100217440 148310615712
25873874889 -> 292147191927
31157386521 -> 71333457 2281731729 3158341269
31339896240 -> 292058068719 366683191023
36579547647 -> 9127652967 16106171460 27380460612 27380468292 292628253252
45780052617 -> 898525425663 900941332479 923489926143
51540512802 -> 25785794445 25873874889 26070802701 26158883145 29091753855 29279448321 62779353417 62779353477 206459552013 206547632457 209480503167 209668197633 215301145101 215389225545 218509790721 243168102729 243168102789 252009695817 252009695877
51590094948 -> 13086687222 13121936562 13656710064 31339896240 305144320944
51590977791 -> 1610864502 12885161334
51590977983 -> 1811989104 13086285936 14495573040
51590984127 -> 201779964 1611067068
51740967036 -> 16142358978 514358372802 514358434242
53151254271 -> 146029150092
73077997308 -> 51576297342
73160683215 -> 825457447323
73585500159 -> 257698255392 438086881824 438087004704
73730706057 -> 877392831 971540003775
73804106385 -> 812382195 971474993139
91268921343 -> 584115814284
146029101006 -> 876176908521 876177154281 876744188721 876744434481
146029150092 -> 292058179170 292111705170 292111705185 293202175587
146029898958 -> 909289953
146046918681 -> 805464849 4097978193 26646571857 28856970129 292869775767 292913815989 293064811473 825511256913 827721655185 879332075925 879332321685 880206588183 880206833943 880250628405 880250874165 880401622929 880401623889 880401868689 880401869649
146065587102 -> 1141794675
146100217440 -> 73823103303 827998480716
146100961245 -> 51546054726 51590094948 412323553350 412367593572
146315147679 -> 1006773072 1141794675 1711416144 1711416624 18289403184
146834682879 -> 825775236864 861141609216
146980995033 -> 50474991
147169944642 -> 293109900777 880446713193 880446958953
147170786511 -> 855778656 855778896 9144772176
147173097423 -> 876191589459 876191835219 876744189027 876744434787
149268152127 -> 876245068881 876245314641 878455467153 878455712913
182682069129 -> 876815776767
209525607561 -> 292129578495 877855743999 877855989759 889130040831 889130286591
257699077359 -> 1661190672 12935487504
257840904153 -> 292108627647
292058068719 -> 897699367068 897699376656
292129578495 -> 9127652967
292147191927 -> 74021982165 824634729309 861343280085 898454343645
292204563663 -> 50610363 1610896011 12885192843 13708317339 13708321179 146834682879 146884813227 146884813467
292277963991 -> 146834682879
365218316937 -> 1031669776287
412323553350 -> 18825072447
413458003008 -> 897937534959 901016128587 901113646440 901818289992 910193266266 910193266281
438087703791 -> 1661362704
584115814284 -> 292058596962 293202593379 293235110226
584116182990 -> 257701888233 258269168433 438090514665 438090637545 438657794865 438657917745
584134000665 -> 4098403605 6846070743 7797775383 7885855827 13762074165 13762078005 16974913077 16974916917 17018953269 17018953299 17018957109 17018957139 26647241553 28857639825 52416921909 55629760821 55673801013 55673801043 146100961245 146385970485 146671321653 148382599317 149257111575 149263264791 149301151797 149351345235 149452146321 149452147281 149642849589 149642849619 150056110929 150664286517 153877125429 153921165621 153921165651 164354507829 182608120401 206171993847 207035990865 209246389137 260857055637 261731567895 261775608117 261926602641 261926603601 413194420533 416407259445 416451299637 416451299667 441245682069 441245804949 442120194327 442120317207 442164234549 442164357429 442315229073 442315230033 442315351953 442315352913 475471203153 475471326033
584187478092 -> 3221785956 7788338247 7885856100 16142351430 16965475926 16965475941 16965479766 16965479781 54797195334 55620323670 55620323685 149253827655 149351345508 150055989060 153867688278 153867688293 415574693958 416397822294 416397822309
584887929855 -> 4563965664 146029455072 153814210272
584924839425 -> 73208023035
584939720601 -> 4626879285 4670919477 4670919507 146092368693 146136408885 146136408915
584993198028 -> 4617442134 4617442149 146082931542 146082931557
585257026626 -> 149497236585 150201880137 261971692905 442360319337 442360442217
585260179407 -> 257716569171 258269168739 438105195603 438105318483 438657795171 438657918051
587340814473 -> 206410874451 206515731735 215357324823
587355234111 -> 257770048593 259980446865 438158675025 438158797905 440369073297 440369196177
597016743951 -> 1661990463 77092224879
597037069119 -> 3293576430
603175505358 -> 3720993 4667791137 146133280545
615397233960 -> 415538937597 415613386749
730181066850 -> 3910767 3367747371 13173964143 16249438011
824835838593 -> 133738374354
825457447323 -> 64437921789 147183273981 182549646333
825585566601 -> 124644095967 125196695535 270655154175 270655215615
825778319103 -> 165088740675 730950698307
827873298387 -> 124697574969
833764718409 -> 3311151639 3863751207
833777049615 -> 91268921343
833779351449 -> 18317337141 18361377333 18361377363 584179294773 584223334965 584223334995
833832828876 -> 18307899990 18307900005 584169857622 584169857637
840740847054 -> 18358238241 19062881793 584220195873 584924839425
850504794108 -> 730181066850
852015136206 -> 584220206625
897664487439 -> 1661837055 1661990463 12936133887 51590838015 51590977791 146065587375 146315147679 147086899695 147086899935 147170735871 147170786511 149251137375 149502817983 149502818943 182658792063 200841067263 200841082623 257699077359 438087703791 731336652543
897684812607 -> 202182882 1611469986 3293576430 51540512802 54833010786 54833026146 587538994338 587538995298
897791768430 -> 587340814473
897827017770 -> 149266866159
897850138071 -> 146835241710
898005274956 -> 164337024501
898466648844 -> 146065587102 146284739550 146284739565 147694026654 147694026669
899074823490 -> 146276351481 146980995033 149396914041
900870389736 -> 18328935429 584190893061
900873133059 -> 146294177403 146294177463 164476452603 730338410235
900941332479 -> 51540623172
916044977448 -> 149251153149 149325602301
1030793134146 -> 1023837 809496429 1052765679 3364855647 4173328239 13028505567 18397265817 31139528541 56308531173 597001486173 600365317983
1030938886281 -> 63927231 107967423 877637535 9199105023 9199154895 36579547647 51590984127 51590985435 51741979611 52467594735 52467594975 53151254271 53151266715 60756588255 65302157055 65302160895 67718052351 67718067711 197926053375 292130083839
1031012286609 -> 53151254271 55709757435
1031363610483 -> 7928224296 149393713704
1031937130563 -> 714079947
