# S-pentacube tiling of 4x8x140
# Generated by repeating the 20-cycle 7 times
# Total placements: 896
# Total cells: 4480
#
0 0 0
0 0 1
0 0 2
0 0 3
0 0 4
0 0 5
0 0 6
0 0 7
0 0 8
0 0 9
0 0 10
0 0 11
0 0 12
0 0 13
0 0 14
0 0 15
0 0 16
0 0 17
0 0 18
0 0 19
0 0 20
0 0 21
0 0 22
0 0 23
0 0 24
0 0 25
0 0 26
0 0 27
0 0 28
0 0 29
0 0 30
0 0 31
0 0 32
0 0 33
0 0 34
0 0 35
0 0 36
0 0 37
0 0 38
0 0 39
0 0 40
0 0 41
0 0 42
0 0 43
0 0 44
0 0 45
0 0 46
0 0 47
0 0 48
0 0 49
0 0 50
0 0 51
0 0 52
0 0 53
0 0 54
0 0 55
0 0 56
0 0 57
0 0 58
0 0 59
0 0 60
0 0 61
0 0 62
0 0 63
0 0 64
0 0 65
0 0 66
0 0 67
0 0 68
0 0 69
0 0 70
0 0 71
0 0 72
0 0 73
0 0 74
0 0 75
0 0 76
0 0 77
0 0 78
0 0 79
0 0 80
0 0 81
0 0 82
0 0 83
0 0 84
0 0 85
0 0 86
0 0 87
0 0 88
0 0 89
0 0 90
0 0 91
0 0 92
0 0 93
0 0 94
0 0 95
0 0 96
0 0 97
0 0 98
0 0 99
0 0 100
0 0 101
0 0 102
0 0 103
0 0 104
0 0 105
0 0 106
0 0 107
0 0 108
0 0 109
0 0 110
0 0 111
0 0 112
0 0 113
0 0 114
0 0 115
0 0 116
0 0 117
0 0 118
0 0 119
0 0 120
0 0 121
0 0 122
0 0 123
0 0 124
0 0 125
0 0 126
0 0 127
0 0 128
0 0 129
0 0 130
0 0 131
0 0 132
0 0 133
0 0 134
0 0 135
0 0 136
0 0 137
0 0 138
0 0 139
0 1 0
0 1 1
0 1 2
0 1 3
0 1 4
0 1 5
0 1 6
0 1 7
0 1 8
0 1 9
0 1 10
0 1 11
0 1 12
0 1 13
0 1 14
0 1 15
0 1 16
0 1 17
0 1 18
0 1 19
0 1 20
0 1 21
0 1 22
0 1 23
0 1 24
0 1 25
0 1 26
0 1 27
0 1 28
0 1 29
0 1 30
0 1 31
0 1 32
0 1 33
0 1 34
0 1 35
0 1 36
0 1 37
0 1 38
0 1 39
0 1 40
0 1 41
0 1 42
0 1 43
0 1 44
0 1 45
0 1 46
0 1 47
0 1 48
0 1 49
0 1 50
0 1 51
0 1 52
0 1 53
0 1 54
0 1 55
0 1 56
0 1 57
0 1 58
0 1 59
0 1 60
0 1 61
0 1 62
0 1 63
0 1 64
0 1 65
0 1 66
0 1 67
0 1 68
0 1 69
0 1 70
0 1 71
0 1 72
0 1 73
0 1 74
0 1 75
0 1 76
0 1 77
0 1 78
0 1 79
0 1 80
0 1 81
0 1 82
0 1 83
0 1 84
0 1 85
0 1 86
0 1 87
0 1 88
0 1 89
0 1 90
0 1 91
0 1 92
0 1 93
0 1 94
0 1 95
0 1 96
0 1 97
0 1 98
0 1 99
0 1 100
0 1 101
0 1 102
0 1 103
0 1 104
0 1 105
0 1 106
0 1 107
0 1 108
0 1 109
0 1 110
0 1 111
0 1 112
0 1 113
0 1 114
0 1 115
0 1 116
0 1 117
0 1 118
0 1 119
0 1 120
0 1 121
0 1 122
0 1 123
0 1 124
0 1 125
0 1 126
0 1 127
0 1 128
0 1 129
0 1 130
0 1 131
0 1 132
0 1 133
0 1 134
0 1 135
0 1 136
0 1 137
0 1 138
0 1 139
0 2 0
0 2 1
0 2 2
0 2 3
0 2 4
0 2 5
0 2 6
0 2 7
0 2 8
0 2 9
0 2 10
0 2 11
0 2 12
0 2 13
0 2 14
0 2 15
0 2 16
0 2 17
0 2 18
0 2 19
0 2 20
0 2 21
0 2 22
0 2 23
0 2 24
0 2 25
0 2 26
0 2 27
0 2 28
0 2 29
0 2 30
0 2 31
0 2 32
0 2 33
0 2 34
0 2 35
0 2 36
0 2 37
0 2 38
0 2 39
0 2 40
0 2 41
0 2 42
0 2 43
0 2 44
0 2 45
0 2 46
0 2 47
0 2 48
0 2 49
0 2 50
0 2 51
0 2 52
0 2 53
0 2 54
0 2 55
0 2 56
0 2 57
0 2 58
0 2 59
0 2 60
0 2 61
0 2 62
0 2 63
0 2 64
0 2 65
0 2 66
0 2 67
0 2 68
0 2 69
0 2 70
0 2 71
0 2 72
0 2 73
0 2 74
0 2 75
0 2 76
0 2 77
0 2 78
0 2 79
0 2 80
0 2 81
0 2 82
0 2 83
0 2 84
0 2 85
0 2 86
0 2 87
0 2 88
0 2 89
0 2 90
0 2 91
0 2 92
0 2 93
0 2 94
0 2 95
0 2 96
0 2 97
0 2 98
0 2 99
0 2 100
0 2 101
0 2 102
0 2 103
0 2 104
0 2 105
0 2 106
0 2 107
0 2 108
0 2 109
0 2 110
0 2 111
0 2 112
0 2 113
0 2 114
0 2 115
0 2 116
0 2 117
0 2 118
0 2 119
0 2 120
0 2 121
0 2 122
0 2 123
0 2 124
0 2 125
0 2 126
0 2 127
0 2 128
0 2 129
0 2 130
0 2 131
0 2 132
0 2 133
0 2 134
0 2 135
0 2 136
0 2 137
0 2 138
0 2 139
0 3 0
0 3 1
0 3 2
0 3 3
0 3 4
0 3 5
0 3 6
0 3 7
0 3 8
0 3 9
0 3 10
0 3 11
0 3 12
0 3 13
0 3 14
0 3 15
0 3 16
0 3 17
0 3 18
0 3 19
0 3 20
0 3 21
0 3 22
0 3 23
0 3 24
0 3 25
0 3 26
0 3 27
0 3 28
0 3 29
0 3 30
0 3 31
0 3 32
0 3 33
0 3 34
0 3 35
0 3 36
0 3 37
0 3 38
0 3 39
0 3 40
0 3 41
0 3 42
0 3 43
0 3 44
0 3 45
0 3 46
0 3 47
0 3 48
0 3 49
0 3 50
0 3 51
0 3 52
0 3 53
0 3 54
0 3 55
0 3 56
0 3 57
0 3 58
0 3 59
0 3 60
0 3 61
0 3 62
0 3 63
0 3 64
0 3 65
0 3 66
0 3 67
0 3 68
0 3 69
0 3 70
0 3 71
0 3 72
0 3 73
0 3 74
0 3 75
0 3 76
0 3 77
0 3 78
0 3 79
0 3 80
0 3 81
0 3 82
0 3 83
0 3 84
0 3 85
0 3 86
0 3 87
0 3 88
0 3 89
0 3 90
0 3 91
0 3 92
0 3 93
0 3 94
0 3 95
0 3 96
0 3 97
0 3 98
0 3 99
0 3 100
0 3 101
0 3 102
0 3 103
0 3 104
0 3 105
0 3 106
0 3 107
0 3 108
0 3 109
0 3 110
0 3 111
0 3 112
0 3 113
0 3 114
0 3 115
0 3 116
0 3 117
0 3 118
0 3 119
0 3 120
0 3 121
0 3 122
0 3 123
0 3 124
0 3 125
0 3 126
0 3 127
0 3 128
0 3 129
0 3 130
0 3 131
0 3 132
0 3 133
0 3 134
0 3 135
0 3 136
0 3 137
0 3 138
0 3 139
0 4 0
0 4 1
0 4 2
0 4 3
0 4 4
0 4 5
0 4 6
0 4 7
0 4 8
0 4 9
0 4 10
0 4 11
0 4 12
0 4 13
0 4 14
0 4 15
0 4 16
0 4 17
0 4 18
0 4 19
0 4 20
0 4 21
0 4 22
0 4 23
0 4 24
0 4 25
0 4 26
0 4 27
0 4 28
0 4 29
0 4 30
0 4 31
0 4 32
0 4 33
0 4 34
0 4 35
0 4 36
0 4 37
0 4 38
0 4 39
0 4 40
0 4 41
0 4 42
0 4 43
0 4 44
0 4 45
0 4 46
0 4 47
0 4 48
0 4 49
0 4 50
0 4 51
0 4 52
0 4 53
0 4 54
0 4 55
0 4 56
0 4 57
0 4 58
0 4 59
0 4 60
0 4 61
0 4 62
0 4 63
0 4 64
0 4 65
0 4 66
0 4 67
0 4 68
0 4 69
0 4 70
0 4 71
0 4 72
0 4 73
0 4 74
0 4 75
0 4 76
0 4 77
0 4 78
0 4 79
0 4 80
0 4 81
0 4 82
0 4 83
0 4 84
0 4 85
0 4 86
0 4 87
0 4 88
0 4 89
0 4 90
0 4 91
0 4 92
0 4 93
0 4 94
0 4 95
0 4 96
0 4 97
0 4 98
0 4 99
0 4 100
0 4 101
0 4 102
0 4 103
0 4 104
0 4 105
0 4 106
0 4 107
0 4 108
0 4 109
0 4 110
0 4 111
0 4 112
0 4 113
0 4 114
0 4 115
0 4 116
0 4 117
0 4 118
0 4 119
0 4 120
0 4 121
0 4 122
0 4 123
0 4 124
0 4 125
0 4 126
0 4 127
0 4 128
0 4 129
0 4 130
0 4 131
0 4 132
0 4 133
0 4 134
0 4 135
0 4 136
0 4 137
0 4 138
0 4 139
0 5 0
0 5 1
0 5 2
0 5 3
0 5 4
0 5 5
0 5 6
0 5 7
0 5 8
0 5 9
0 5 10
0 5 11
0 5 12
0 5 13
0 5 14
0 5 15
0 5 16
0 5 17
0 5 18
0 5 19
0 5 20
0 5 21
0 5 22
0 5 23
0 5 24
0 5 25
0 5 26
0 5 27
0 5 28
0 5 29
0 5 30
0 5 31
0 5 32
0 5 33
0 5 34
0 5 35
0 5 36
0 5 37
0 5 38
0 5 39
0 5 40
0 5 41
0 5 42
0 5 43
0 5 44
0 5 45
0 5 46
0 5 47
0 5 48
0 5 49
0 5 50
0 5 51
0 5 52
0 5 53
0 5 54
0 5 55
0 5 56
0 5 57
0 5 58
0 5 59
0 5 60
0 5 61
0 5 62
0 5 63
0 5 64
0 5 65
0 5 66
0 5 67
0 5 68
0 5 69
0 5 70
0 5 71
0 5 72
0 5 73
0 5 74
0 5 75
0 5 76
0 5 77
0 5 78
0 5 79
0 5 80
0 5 81
0 5 82
0 5 83
0 5 84
0 5 85
0 5 86
0 5 87
0 5 88
0 5 89
0 5 90
0 5 91
0 5 92
0 5 93
0 5 94
0 5 95
0 5 96
0 5 97
0 5 98
0 5 99
0 5 100
0 5 101
0 5 102
0 5 103
0 5 104
0 5 105
0 5 106
0 5 107
0 5 108
0 5 109
0 5 110
0 5 111
0 5 112
0 5 113
0 5 114
0 5 115
0 5 116
0 5 117
0 5 118
0 5 119
0 5 120
0 5 121
0 5 122
0 5 123
0 5 124
0 5 125
0 5 126
0 5 127
0 5 128
0 5 129
0 5 130
0 5 131
0 5 132
0 5 133
0 5 134
0 5 135
0 5 136
0 5 137
0 5 138
0 5 139
0 6 0
0 6 1
0 6 2
0 6 3
0 6 4
0 6 5
0 6 6
0 6 7
0 6 8
0 6 9
0 6 10
0 6 11
0 6 12
0 6 13
0 6 14
0 6 15
0 6 16
0 6 17
0 6 18
0 6 19
0 6 20
0 6 21
0 6 22
0 6 23
0 6 24
0 6 25
0 6 26
0 6 27
0 6 28
0 6 29
0 6 30
0 6 31
0 6 32
0 6 33
0 6 34
0 6 35
0 6 36
0 6 37
0 6 38
0 6 39
0 6 40
0 6 41
0 6 42
0 6 43
0 6 44
0 6 45
0 6 46
0 6 47
0 6 48
0 6 49
0 6 50
0 6 51
0 6 52
0 6 53
0 6 54
0 6 55
0 6 56
0 6 57
0 6 58
0 6 59
0 6 60
0 6 61
0 6 62
0 6 63
0 6 64
0 6 65
0 6 66
0 6 67
0 6 68
0 6 69
0 6 70
0 6 71
0 6 72
0 6 73
0 6 74
0 6 75
0 6 76
0 6 77
0 6 78
0 6 79
0 6 80
0 6 81
0 6 82
0 6 83
0 6 84
0 6 85
0 6 86
0 6 87
0 6 88
0 6 89
0 6 90
0 6 91
0 6 92
0 6 93
0 6 94
0 6 95
0 6 96
0 6 97
0 6 98
0 6 99
0 6 100
0 6 101
0 6 102
0 6 103
0 6 104
0 6 105
0 6 106
0 6 107
0 6 108
0 6 109
0 6 110
0 6 111
0 6 112
0 6 113
0 6 114
0 6 115
0 6 116
0 6 117
0 6 118
0 6 119
0 6 120
0 6 121
0 6 122
0 6 123
0 6 124
0 6 125
0 6 126
0 6 127
0 6 128
0 6 129
0 6 130
0 6 131
0 6 132
0 6 133
0 6 134
0 6 135
0 6 136
0 6 137
0 6 138
0 6 139
0 7 0
0 7 1
0 7 2
0 7 3
0 7 4
0 7 5
0 7 6
0 7 7
0 7 8
0 7 9
0 7 10
0 7 11
0 7 12
0 7 13
0 7 14
0 7 15
0 7 16
0 7 17
0 7 18
0 7 19
0 7 20
0 7 21
0 7 22
0 7 23
0 7 24
0 7 25
0 7 26
0 7 27
0 7 28
0 7 29
0 7 30
0 7 31
0 7 32
0 7 33
0 7 34
0 7 35
0 7 36
0 7 37
0 7 38
0 7 39
0 7 40
0 7 41
0 7 42
0 7 43
0 7 44
0 7 45
0 7 46
0 7 47
0 7 48
0 7 49
0 7 50
0 7 51
0 7 52
0 7 53
0 7 54
0 7 55
0 7 56
0 7 57
0 7 58
0 7 59
0 7 60
0 7 61
0 7 62
0 7 63
0 7 64
0 7 65
0 7 66
0 7 67
0 7 68
0 7 69
0 7 70
0 7 71
0 7 72
0 7 73
0 7 74
0 7 75
0 7 76
0 7 77
0 7 78
0 7 79
0 7 80
0 7 81
0 7 82
0 7 83
0 7 84
0 7 85
0 7 86
0 7 87
0 7 88
0 7 89
0 7 90
0 7 91
0 7 92
0 7 93
0 7 94
0 7 95
0 7 96
0 7 97
0 7 98
0 7 99
0 7 100
0 7 101
0 7 102
0 7 103
0 7 104
0 7 105
0 7 106
0 7 107
0 7 108
0 7 109
0 7 110
0 7 111
0 7 112
0 7 113
0 7 114
0 7 115
0 7 116
0 7 117
0 7 118
0 7 119
0 7 120
0 7 121
0 7 122
0 7 123
0 7 124
0 7 125
0 7 126
0 7 127
0 7 128
0 7 129
0 7 130
0 7 131
0 7 132
0 7 133
0 7 134
0 7 135
0 7 136
0 7 137
0 7 138
0 7 139
1 0 0
1 0 1
1 0 2
1 0 3
1 0 4
1 0 5
1 0 6
1 0 7
1 0 8
1 0 9
1 0 10
1 0 11
1 0 12
1 0 13
1 0 14
1 0 15
1 0 16
1 0 17
1 0 18
1 0 19
1 0 20
1 0 21
1 0 22
1 0 23
1 0 24
1 0 25
1 0 26
1 0 27
1 0 28
1 0 29
1 0 30
1 0 31
1 0 32
1 0 33
1 0 34
1 0 35
1 0 36
1 0 37
1 0 38
1 0 39
1 0 40
1 0 41
1 0 42
1 0 43
1 0 44
1 0 45
1 0 46
1 0 47
1 0 48
1 0 49
1 0 50
1 0 51
1 0 52
1 0 53
1 0 54
1 0 55
1 0 56
1 0 57
1 0 58
1 0 59
1 0 60
1 0 61
1 0 62
1 0 63
1 0 64
1 0 65
1 0 66
1 0 67
1 0 68
1 0 69
1 0 70
1 0 71
1 0 72
1 0 73
1 0 74
1 0 75
1 0 76
1 0 77
1 0 78
1 0 79
1 0 80
1 0 81
1 0 82
1 0 83
1 0 84
1 0 85
1 0 86
1 0 87
1 0 88
1 0 89
1 0 90
1 0 91
1 0 92
1 0 93
1 0 94
1 0 95
1 0 96
1 0 97
1 0 98
1 0 99
1 0 100
1 0 101
1 0 102
1 0 103
1 0 104
1 0 105
1 0 106
1 0 107
1 0 108
1 0 109
1 0 110
1 0 111
1 0 112
1 0 113
1 0 114
1 0 115
1 0 116
1 0 117
1 0 118
1 0 119
1 0 120
1 0 121
1 0 122
1 0 123
1 0 124
1 0 125
1 0 126
1 0 127
1 0 128
1 0 129
1 0 130
1 0 131
1 0 132
1 0 133
1 0 134
1 0 135
1 0 136
1 0 137
1 0 138
1 0 139
1 1 0
1 1 1
1 1 2
1 1 3
1 1 4
1 1 5
1 1 6
1 1 7
1 1 8
1 1 9
1 1 10
1 1 11
1 1 12
1 1 13
1 1 14
1 1 15
1 1 16
1 1 17
1 1 18
1 1 19
1 1 20
1 1 21
1 1 22
1 1 23
1 1 24
1 1 25
1 1 26
1 1 27
1 1 28
1 1 29
1 1 30
1 1 31
1 1 32
1 1 33
1 1 34
1 1 35
1 1 36
1 1 37
1 1 38
1 1 39
1 1 40
1 1 41
1 1 42
1 1 43
1 1 44
1 1 45
1 1 46
1 1 47
1 1 48
1 1 49
1 1 50
1 1 51
1 1 52
1 1 53
1 1 54
1 1 55
1 1 56
1 1 57
1 1 58
1 1 59
1 1 60
1 1 61
1 1 62
1 1 63
1 1 64
1 1 65
1 1 66
1 1 67
1 1 68
1 1 69
1 1 70
1 1 71
1 1 72
1 1 73
1 1 74
1 1 75
1 1 76
1 1 77
1 1 78
1 1 79
1 1 80
1 1 81
1 1 82
1 1 83
1 1 84
1 1 85
1 1 86
1 1 87
1 1 88
1 1 89
1 1 90
1 1 91
1 1 92
1 1 93
1 1 94
1 1 95
1 1 96
1 1 97
1 1 98
1 1 99
1 1 100
1 1 101
1 1 102
1 1 103
1 1 104
1 1 105
1 1 106
1 1 107
1 1 108
1 1 109
1 1 110
1 1 111
1 1 112
1 1 113
1 1 114
1 1 115
1 1 116
1 1 117
1 1 118
1 1 119
1 1 120
1 1 121
1 1 122
1 1 123
1 1 124
1 1 125
1 1 126
1 1 127
1 1 128
1 1 129
1 1 130
1 1 131
1 1 132
1 1 133
1 1 134
1 1 135
1 1 136
1 1 137
1 1 138
1 1 139
1 2 0
1 2 1
1 2 2
1 2 3
1 2 4
1 2 5
1 2 6
1 2 7
1 2 8
1 2 9
1 2 10
1 2 11
1 2 12
1 2 13
1 2 14
1 2 15
1 2 16
1 2 17
1 2 18
1 2 19
1 2 20
1 2 21
1 2 22
1 2 23
1 2 24
1 2 25
1 2 26
1 2 27
1 2 28
1 2 29
1 2 30
1 2 31
1 2 32
1 2 33
1 2 34
1 2 35
1 2 36
1 2 37
1 2 38
1 2 39
1 2 40
1 2 41
1 2 42
1 2 43
1 2 44
1 2 45
1 2 46
1 2 47
1 2 48
1 2 49
1 2 50
1 2 51
1 2 52
1 2 53
1 2 54
1 2 55
1 2 56
1 2 57
1 2 58
1 2 59
1 2 60
1 2 61
1 2 62
1 2 63
1 2 64
1 2 65
1 2 66
1 2 67
1 2 68
1 2 69
1 2 70
1 2 71
1 2 72
1 2 73
1 2 74
1 2 75
1 2 76
1 2 77
1 2 78
1 2 79
1 2 80
1 2 81
1 2 82
1 2 83
1 2 84
1 2 85
1 2 86
1 2 87
1 2 88
1 2 89
1 2 90
1 2 91
1 2 92
1 2 93
1 2 94
1 2 95
1 2 96
1 2 97
1 2 98
1 2 99
1 2 100
1 2 101
1 2 102
1 2 103
1 2 104
1 2 105
1 2 106
1 2 107
1 2 108
1 2 109
1 2 110
1 2 111
1 2 112
1 2 113
1 2 114
1 2 115
1 2 116
1 2 117
1 2 118
1 2 119
1 2 120
1 2 121
1 2 122
1 2 123
1 2 124
1 2 125
1 2 126
1 2 127
1 2 128
1 2 129
1 2 130
1 2 131
1 2 132
1 2 133
1 2 134
1 2 135
1 2 136
1 2 137
1 2 138
1 2 139
1 3 0
1 3 1
1 3 2
1 3 3
1 3 4
1 3 5
1 3 6
1 3 7
1 3 8
1 3 9
1 3 10
1 3 11
1 3 12
1 3 13
1 3 14
1 3 15
1 3 16
1 3 17
1 3 18
1 3 19
1 3 20
1 3 21
1 3 22
1 3 23
1 3 24
1 3 25
1 3 26
1 3 27
1 3 28
1 3 29
1 3 30
1 3 31
1 3 32
1 3 33
1 3 34
1 3 35
1 3 36
1 3 37
1 3 38
1 3 39
1 3 40
1 3 41
1 3 42
1 3 43
1 3 44
1 3 45
1 3 46
1 3 47
1 3 48
1 3 49
1 3 50
1 3 51
1 3 52
1 3 53
1 3 54
1 3 55
1 3 56
1 3 57
1 3 58
1 3 59
1 3 60
1 3 61
1 3 62
1 3 63
1 3 64
1 3 65
1 3 66
1 3 67
1 3 68
1 3 69
1 3 70
1 3 71
1 3 72
1 3 73
1 3 74
1 3 75
1 3 76
1 3 77
1 3 78
1 3 79
1 3 80
1 3 81
1 3 82
1 3 83
1 3 84
1 3 85
1 3 86
1 3 87
1 3 88
1 3 89
1 3 90
1 3 91
1 3 92
1 3 93
1 3 94
1 3 95
1 3 96
1 3 97
1 3 98
1 3 99
1 3 100
1 3 101
1 3 102
1 3 103
1 3 104
1 3 105
1 3 106
1 3 107
1 3 108
1 3 109
1 3 110
1 3 111
1 3 112
1 3 113
1 3 114
1 3 115
1 3 116
1 3 117
1 3 118
1 3 119
1 3 120
1 3 121
1 3 122
1 3 123
1 3 124
1 3 125
1 3 126
1 3 127
1 3 128
1 3 129
1 3 130
1 3 131
1 3 132
1 3 133
1 3 134
1 3 135
1 3 136
1 3 137
1 3 138
1 3 139
1 4 0
1 4 1
1 4 2
1 4 3
1 4 4
1 4 5
1 4 6
1 4 7
1 4 8
1 4 9
1 4 10
1 4 11
1 4 12
1 4 13
1 4 14
1 4 15
1 4 16
1 4 17
1 4 18
1 4 19
1 4 20
1 4 21
1 4 22
1 4 23
1 4 24
1 4 25
1 4 26
1 4 27
1 4 28
1 4 29
1 4 30
1 4 31
1 4 32
1 4 33
1 4 34
1 4 35
1 4 36
1 4 37
1 4 38
1 4 39
1 4 40
1 4 41
1 4 42
1 4 43
1 4 44
1 4 45
1 4 46
1 4 47
1 4 48
1 4 49
1 4 50
1 4 51
1 4 52
1 4 53
1 4 54
1 4 55
1 4 56
1 4 57
1 4 58
1 4 59
1 4 60
1 4 61
1 4 62
1 4 63
1 4 64
1 4 65
1 4 66
1 4 67
1 4 68
1 4 69
1 4 70
1 4 71
1 4 72
1 4 73
1 4 74
1 4 75
1 4 76
1 4 77
1 4 78
1 4 79
1 4 80
1 4 81
1 4 82
1 4 83
1 4 84
1 4 85
1 4 86
1 4 87
1 4 88
1 4 89
1 4 90
1 4 91
1 4 92
1 4 93
1 4 94
1 4 95
1 4 96
1 4 97
1 4 98
1 4 99
1 4 100
1 4 101
1 4 102
1 4 103
1 4 104
1 4 105
1 4 106
1 4 107
1 4 108
1 4 109
1 4 110
1 4 111
1 4 112
1 4 113
1 4 114
1 4 115
1 4 116
1 4 117
1 4 118
1 4 119
1 4 120
1 4 121
1 4 122
1 4 123
1 4 124
1 4 125
1 4 126
1 4 127
1 4 128
1 4 129
1 4 130
1 4 131
1 4 132
1 4 133
1 4 134
1 4 135
1 4 136
1 4 137
1 4 138
1 4 139
1 5 0
1 5 1
1 5 2
1 5 3
1 5 4
1 5 5
1 5 6
1 5 7
1 5 8
1 5 9
1 5 10
1 5 11
1 5 12
1 5 13
1 5 14
1 5 15
1 5 16
1 5 17
1 5 18
1 5 19
1 5 20
1 5 21
1 5 22
1 5 23
1 5 24
1 5 25
1 5 26
1 5 27
1 5 28
1 5 29
1 5 30
1 5 31
1 5 32
1 5 33
1 5 34
1 5 35
1 5 36
1 5 37
1 5 38
1 5 39
1 5 40
1 5 41
1 5 42
1 5 43
1 5 44
1 5 45
1 5 46
1 5 47
1 5 48
1 5 49
1 5 50
1 5 51
1 5 52
1 5 53
1 5 54
1 5 55
1 5 56
1 5 57
1 5 58
1 5 59
1 5 60
1 5 61
1 5 62
1 5 63
1 5 64
1 5 65
1 5 66
1 5 67
1 5 68
1 5 69
1 5 70
1 5 71
1 5 72
1 5 73
1 5 74
1 5 75
1 5 76
1 5 77
1 5 78
1 5 79
1 5 80
1 5 81
1 5 82
1 5 83
1 5 84
1 5 85
1 5 86
1 5 87
1 5 88
1 5 89
1 5 90
1 5 91
1 5 92
1 5 93
1 5 94
1 5 95
1 5 96
1 5 97
1 5 98
1 5 99
1 5 100
1 5 101
1 5 102
1 5 103
1 5 104
1 5 105
1 5 106
1 5 107
1 5 108
1 5 109
1 5 110
1 5 111
1 5 112
1 5 113
1 5 114
1 5 115
1 5 116
1 5 117
1 5 118
1 5 119
1 5 120
1 5 121
1 5 122
1 5 123
1 5 124
1 5 125
1 5 126
1 5 127
1 5 128
1 5 129
1 5 130
1 5 131
1 5 132
1 5 133
1 5 134
1 5 135
1 5 136
1 5 137
1 5 138
1 5 139
1 6 0
1 6 1
1 6 2
1 6 3
1 6 4
1 6 5
1 6 6
1 6 7
1 6 8
1 6 9
1 6 10
1 6 11
1 6 12
1 6 13
1 6 14
1 6 15
1 6 16
1 6 17
1 6 18
1 6 19
1 6 20
1 6 21
1 6 22
1 6 23
1 6 24
1 6 25
1 6 26
1 6 27
1 6 28
1 6 29
1 6 30
1 6 31
1 6 32
1 6 33
1 6 34
1 6 35
1 6 36
1 6 37
1 6 38
1 6 39
1 6 40
1 6 41
1 6 42
1 6 43
1 6 44
1 6 45
1 6 46
1 6 47
1 6 48
1 6 49
1 6 50
1 6 51
1 6 52
1 6 53
1 6 54
1 6 55
1 6 56
1 6 57
1 6 58
1 6 59
1 6 60
1 6 61
1 6 62
1 6 63
1 6 64
1 6 65
1 6 66
1 6 67
1 6 68
1 6 69
1 6 70
1 6 71
1 6 72
1 6 73
1 6 74
1 6 75
1 6 76
1 6 77
1 6 78
1 6 79
1 6 80
1 6 81
1 6 82
1 6 83
1 6 84
1 6 85
1 6 86
1 6 87
1 6 88
1 6 89
1 6 90
1 6 91
1 6 92
1 6 93
1 6 94
1 6 95
1 6 96
1 6 97
1 6 98
1 6 99
1 6 100
1 6 101
1 6 102
1 6 103
1 6 104
1 6 105
1 6 106
1 6 107
1 6 108
1 6 109
1 6 110
1 6 111
1 6 112
1 6 113
1 6 114
1 6 115
1 6 116
1 6 117
1 6 118
1 6 119
1 6 120
1 6 121
1 6 122
1 6 123
1 6 124
1 6 125
1 6 126
1 6 127
1 6 128
1 6 129
1 6 130
1 6 131
1 6 132
1 6 133
1 6 134
1 6 135
1 6 136
1 6 137
1 6 138
1 6 139
1 7 0
1 7 1
1 7 2
1 7 3
1 7 4
1 7 5
1 7 6
1 7 7
1 7 8
1 7 9
1 7 10
1 7 11
1 7 12
1 7 13
1 7 14
1 7 15
1 7 16
1 7 17
1 7 18
1 7 19
1 7 20
1 7 21
1 7 22
1 7 23
1 7 24
1 7 25
1 7 26
1 7 27
1 7 28
1 7 29
1 7 30
1 7 31
1 7 32
1 7 33
1 7 34
1 7 35
1 7 36
1 7 37
1 7 38
1 7 39
1 7 40
1 7 41
1 7 42
1 7 43
1 7 44
1 7 45
1 7 46
1 7 47
1 7 48
1 7 49
1 7 50
1 7 51
1 7 52
1 7 53
1 7 54
1 7 55
1 7 56
1 7 57
1 7 58
1 7 59
1 7 60
1 7 61
1 7 62
1 7 63
1 7 64
1 7 65
1 7 66
1 7 67
1 7 68
1 7 69
1 7 70
1 7 71
1 7 72
1 7 73
1 7 74
1 7 75
1 7 76
1 7 77
1 7 78
1 7 79
1 7 80
1 7 81
1 7 82
1 7 83
1 7 84
1 7 85
1 7 86
1 7 87
1 7 88
1 7 89
1 7 90
1 7 91
1 7 92
1 7 93
1 7 94
1 7 95
1 7 96
1 7 97
1 7 98
1 7 99
1 7 100
1 7 101
1 7 102
1 7 103
1 7 104
1 7 105
1 7 106
1 7 107
1 7 108
1 7 109
1 7 110
1 7 111
1 7 112
1 7 113
1 7 114
1 7 115
1 7 116
1 7 117
1 7 118
1 7 119
1 7 120
1 7 121
1 7 122
1 7 123
1 7 124
1 7 125
1 7 126
1 7 127
1 7 128
1 7 129
1 7 130
1 7 131
1 7 132
1 7 133
1 7 134
1 7 135
1 7 136
1 7 137
1 7 138
1 7 139
2 0 0
2 0 1
2 0 2
2 0 3
2 0 4
2 0 5
2 0 6
2 0 7
2 0 8
2 0 9
2 0 10
2 0 11
2 0 12
2 0 13
2 0 14
2 0 15
2 0 16
2 0 17
2 0 18
2 0 19
2 0 20
2 0 21
2 0 22
2 0 23
2 0 24
2 0 25
2 0 26
2 0 27
2 0 28
2 0 29
2 0 30
2 0 31
2 0 32
2 0 33
2 0 34
2 0 35
2 0 36
2 0 37
2 0 38
2 0 39
2 0 40
2 0 41
2 0 42
2 0 43
2 0 44
2 0 45
2 0 46
2 0 47
2 0 48
2 0 49
2 0 50
2 0 51
2 0 52
2 0 53
2 0 54
2 0 55
2 0 56
2 0 57
2 0 58
2 0 59
2 0 60
2 0 61
2 0 62
2 0 63
2 0 64
2 0 65
2 0 66
2 0 67
2 0 68
2 0 69
2 0 70
2 0 71
2 0 72
2 0 73
2 0 74
2 0 75
2 0 76
2 0 77
2 0 78
2 0 79
2 0 80
2 0 81
2 0 82
2 0 83
2 0 84
2 0 85
2 0 86
2 0 87
2 0 88
2 0 89
2 0 90
2 0 91
2 0 92
2 0 93
2 0 94
2 0 95
2 0 96
2 0 97
2 0 98
2 0 99
2 0 100
2 0 101
2 0 102
2 0 103
2 0 104
2 0 105
2 0 106
2 0 107
2 0 108
2 0 109
2 0 110
2 0 111
2 0 112
2 0 113
2 0 114
2 0 115
2 0 116
2 0 117
2 0 118
2 0 119
2 0 120
2 0 121
2 0 122
2 0 123
2 0 124
2 0 125
2 0 126
2 0 127
2 0 128
2 0 129
2 0 130
2 0 131
2 0 132
2 0 133
2 0 134
2 0 135
2 0 136
2 0 137
2 0 138
2 0 139
2 1 0
2 1 1
2 1 2
2 1 3
2 1 4
2 1 5
2 1 6
2 1 7
2 1 8
2 1 9
2 1 10
2 1 11
2 1 12
2 1 13
2 1 14
2 1 15
2 1 16
2 1 17
2 1 18
2 1 19
2 1 20
2 1 21
2 1 22
2 1 23
2 1 24
2 1 25
2 1 26
2 1 27
2 1 28
2 1 29
2 1 30
2 1 31
2 1 32
2 1 33
2 1 34
2 1 35
2 1 36
2 1 37
2 1 38
2 1 39
2 1 40
2 1 41
2 1 42
2 1 43
2 1 44
2 1 45
2 1 46
2 1 47
2 1 48
2 1 49
2 1 50
2 1 51
2 1 52
2 1 53
2 1 54
2 1 55
2 1 56
2 1 57
2 1 58
2 1 59
2 1 60
2 1 61
2 1 62
2 1 63
2 1 64
2 1 65
2 1 66
2 1 67
2 1 68
2 1 69
2 1 70
2 1 71
2 1 72
2 1 73
2 1 74
2 1 75
2 1 76
2 1 77
2 1 78
2 1 79
2 1 80
2 1 81
2 1 82
2 1 83
2 1 84
2 1 85
2 1 86
2 1 87
2 1 88
2 1 89
2 1 90
2 1 91
2 1 92
2 1 93
2 1 94
2 1 95
2 1 96
2 1 97
2 1 98
2 1 99
2 1 100
2 1 101
2 1 102
2 1 103
2 1 104
2 1 105
2 1 106
2 1 107
2 1 108
2 1 109
2 1 110
2 1 111
2 1 112
2 1 113
2 1 114
2 1 115
2 1 116
2 1 117
2 1 118
2 1 119
2 1 120
2 1 121
2 1 122
2 1 123
2 1 124
2 1 125
2 1 126
2 1 127
2 1 128
2 1 129
2 1 130
2 1 131
2 1 132
2 1 133
2 1 134
2 1 135
2 1 136
2 1 137
2 1 138
2 1 139
2 2 0
2 2 1
2 2 2
2 2 3
2 2 4
2 2 5
2 2 6
2 2 7
2 2 8
2 2 9
2 2 10
2 2 11
2 2 12
2 2 13
2 2 14
2 2 15
2 2 16
2 2 17
2 2 18
2 2 19
2 2 20
2 2 21
2 2 22
2 2 23
2 2 24
2 2 25
2 2 26
2 2 27
2 2 28
2 2 29
2 2 30
2 2 31
2 2 32
2 2 33
2 2 34
2 2 35
2 2 36
2 2 37
2 2 38
2 2 39
2 2 40
2 2 41
2 2 42
2 2 43
2 2 44
2 2 45
2 2 46
2 2 47
2 2 48
2 2 49
2 2 50
2 2 51
2 2 52
2 2 53
2 2 54
2 2 55
2 2 56
2 2 57
2 2 58
2 2 59
2 2 60
2 2 61
2 2 62
2 2 63
2 2 64
2 2 65
2 2 66
2 2 67
2 2 68
2 2 69
2 2 70
2 2 71
2 2 72
2 2 73
2 2 74
2 2 75
2 2 76
2 2 77
2 2 78
2 2 79
2 2 80
2 2 81
2 2 82
2 2 83
2 2 84
2 2 85
2 2 86
2 2 87
2 2 88
2 2 89
2 2 90
2 2 91
2 2 92
2 2 93
2 2 94
2 2 95
2 2 96
2 2 97
2 2 98
2 2 99
2 2 100
2 2 101
2 2 102
2 2 103
2 2 104
2 2 105
2 2 106
2 2 107
2 2 108
2 2 109
2 2 110
2 2 111
2 2 112
2 2 113
2 2 114
2 2 115
2 2 116
2 2 117
2 2 118
2 2 119
2 2 120
2 2 121
2 2 122
2 2 123
2 2 124
2 2 125
2 2 126
2 2 127
2 2 128
2 2 129
2 2 130
2 2 131
2 2 132
2 2 133
2 2 134
2 2 135
2 2 136
2 2 137
2 2 138
2 2 139
2 3 0
2 3 1
2 3 2
2 3 3
2 3 4
2 3 5
2 3 6
2 3 7
2 3 8
2 3 9
2 3 10
2 3 11
2 3 12
2 3 13
2 3 14
2 3 15
2 3 16
2 3 17
2 3 18
2 3 19
2 3 20
2 3 21
2 3 22
2 3 23
2 3 24
2 3 25
2 3 26
2 3 27
2 3 28
2 3 29
2 3 30
2 3 31
2 3 32
2 3 33
2 3 34
2 3 35
2 3 36
2 3 37
2 3 38
2 3 39
2 3 40
2 3 41
2 3 42
2 3 43
2 3 44
2 3 45
2 3 46
2 3 47
2 3 48
2 3 49
2 3 50
2 3 51
2 3 52
2 3 53
2 3 54
2 3 55
2 3 56
2 3 57
2 3 58
2 3 59
2 3 60
2 3 61
2 3 62
2 3 63
2 3 64
2 3 65
2 3 66
2 3 67
2 3 68
2 3 69
2 3 70
2 3 71
2 3 72
2 3 73
2 3 74
2 3 75
2 3 76
2 3 77
2 3 78
2 3 79
2 3 80
2 3 81
2 3 82
2 3 83
2 3 84
2 3 85
2 3 86
2 3 87
2 3 88
2 3 89
2 3 90
2 3 91
2 3 92
2 3 93
2 3 94
2 3 95
2 3 96
2 3 97
2 3 98
2 3 99
2 3 100
2 3 101
2 3 102
2 3 103
2 3 104
2 3 105
2 3 106
2 3 107
2 3 108
2 3 109
2 3 110
2 3 111
2 3 112
2 3 113
2 3 114
2 3 115
2 3 116
2 3 117
2 3 118
2 3 119
2 3 120
2 3 121
2 3 122
2 3 123
2 3 124
2 3 125
2 3 126
2 3 127
2 3 128
2 3 129
2 3 130
2 3 131
2 3 132
2 3 133
2 3 134
2 3 135
2 3 136
2 3 137
2 3 138
2 3 139
2 4 0
2 4 1
2 4 2
2 4 3
2 4 4
2 4 5
2 4 6
2 4 7
2 4 8
2 4 9
2 4 10
2 4 11
2 4 12
2 4 13
2 4 14
2 4 15
2 4 16
2 4 17
2 4 18
2 4 19
2 4 20
2 4 21
2 4 22
2 4 23
2 4 24
2 4 25
2 4 26
2 4 27
2 4 28
2 4 29
2 4 30
2 4 31
2 4 32
2 4 33
2 4 34
2 4 35
2 4 36
2 4 37
2 4 38
2 4 39
2 4 40
2 4 41
2 4 42
2 4 43
2 4 44
2 4 45
2 4 46
2 4 47
2 4 48
2 4 49
2 4 50
2 4 51
2 4 52
2 4 53
2 4 54
2 4 55
2 4 56
2 4 57
2 4 58
2 4 59
2 4 60
2 4 61
2 4 62
2 4 63
2 4 64
2 4 65
2 4 66
2 4 67
2 4 68
2 4 69
2 4 70
2 4 71
2 4 72
2 4 73
2 4 74
2 4 75
2 4 76
2 4 77
2 4 78
2 4 79
2 4 80
2 4 81
2 4 82
2 4 83
2 4 84
2 4 85
2 4 86
2 4 87
2 4 88
2 4 89
2 4 90
2 4 91
2 4 92
2 4 93
2 4 94
2 4 95
2 4 96
2 4 97
2 4 98
2 4 99
2 4 100
2 4 101
2 4 102
2 4 103
2 4 104
2 4 105
2 4 106
2 4 107
2 4 108
2 4 109
2 4 110
2 4 111
2 4 112
2 4 113
2 4 114
2 4 115
2 4 116
2 4 117
2 4 118
2 4 119
2 4 120
2 4 121
2 4 122
2 4 123
2 4 124
2 4 125
2 4 126
2 4 127
2 4 128
2 4 129
2 4 130
2 4 131
2 4 132
2 4 133
2 4 134
2 4 135
2 4 136
2 4 137
2 4 138
2 4 139
2 5 0
2 5 1
2 5 2
2 5 3
2 5 4
2 5 5
2 5 6
2 5 7
2 5 8
2 5 9
2 5 10
2 5 11
2 5 12
2 5 13
2 5 14
2 5 15
2 5 16
2 5 17
2 5 18
2 5 19
2 5 20
2 5 21
2 5 22
2 5 23
2 5 24
2 5 25
2 5 26
2 5 27
2 5 28
2 5 29
2 5 30
2 5 31
2 5 32
2 5 33
2 5 34
2 5 35
2 5 36
2 5 37
2 5 38
2 5 39
2 5 40
2 5 41
2 5 42
2 5 43
2 5 44
2 5 45
2 5 46
2 5 47
2 5 48
2 5 49
2 5 50
2 5 51
2 5 52
2 5 53
2 5 54
2 5 55
2 5 56
2 5 57
2 5 58
2 5 59
2 5 60
2 5 61
2 5 62
2 5 63
2 5 64
2 5 65
2 5 66
2 5 67
2 5 68
2 5 69
2 5 70
2 5 71
2 5 72
2 5 73
2 5 74
2 5 75
2 5 76
2 5 77
2 5 78
2 5 79
2 5 80
2 5 81
2 5 82
2 5 83
2 5 84
2 5 85
2 5 86
2 5 87
2 5 88
2 5 89
2 5 90
2 5 91
2 5 92
2 5 93
2 5 94
2 5 95
2 5 96
2 5 97
2 5 98
2 5 99
2 5 100
2 5 101
2 5 102
2 5 103
2 5 104
2 5 105
2 5 106
2 5 107
2 5 108
2 5 109
2 5 110
2 5 111
2 5 112
2 5 113
2 5 114
2 5 115
2 5 116
2 5 117
2 5 118
2 5 119
2 5 120
2 5 121
2 5 122
2 5 123
2 5 124
2 5 125
2 5 126
2 5 127
2 5 128
2 5 129
2 5 130
2 5 131
2 5 132
2 5 133
2 5 134
2 5 135
2 5 136
2 5 137
2 5 138
2 5 139
2 6 0
2 6 1
2 6 2
2 6 3
2 6 4
2 6 5
2 6 6
2 6 7
2 6 8
2 6 9
2 6 10
2 6 11
2 6 12
2 6 13
2 6 14
2 6 15
2 6 16
2 6 17
2 6 18
2 6 19
2 6 20
2 6 21
2 6 22
2 6 23
2 6 24
2 6 25
2 6 26
2 6 27
2 6 28
2 6 29
2 6 30
2 6 31
2 6 32
2 6 33
2 6 34
2 6 35
2 6 36
2 6 37
2 6 38
2 6 39
2 6 40
2 6 41
2 6 42
2 6 43
2 6 44
2 6 45
2 6 46
2 6 47
2 6 48
2 6 49
2 6 50
2 6 51
2 6 52
2 6 53
2 6 54
2 6 55
2 6 56
2 6 57
2 6 58
2 6 59
2 6 60
2 6 61
2 6 62
2 6 63
2 6 64
2 6 65
2 6 66
2 6 67
2 6 68
2 6 69
2 6 70
2 6 71
2 6 72
2 6 73
2 6 74
2 6 75
2 6 76
2 6 77
2 6 78
2 6 79
2 6 80
2 6 81
2 6 82
2 6 83
2 6 84
2 6 85
2 6 86
2 6 87
2 6 88
2 6 89
2 6 90
2 6 91
2 6 92
2 6 93
2 6 94
2 6 95
2 6 96
2 6 97
2 6 98
2 6 99
2 6 100
2 6 101
2 6 102
2 6 103
2 6 104
2 6 105
2 6 106
2 6 107
2 6 108
2 6 109
2 6 110
2 6 111
2 6 112
2 6 113
2 6 114
2 6 115
2 6 116
2 6 117
2 6 118
2 6 119
2 6 120
2 6 121
2 6 122
2 6 123
2 6 124
2 6 125
2 6 126
2 6 127
2 6 128
2 6 129
2 6 130
2 6 131
2 6 132
2 6 133
2 6 134
2 6 135
2 6 136
2 6 137
2 6 138
2 6 139
2 7 0
2 7 1
2 7 2
2 7 3
2 7 4
2 7 5
2 7 6
2 7 7
2 7 8
2 7 9
2 7 10
2 7 11
2 7 12
2 7 13
2 7 14
2 7 15
2 7 16
2 7 17
2 7 18
2 7 19
2 7 20
2 7 21
2 7 22
2 7 23
2 7 24
2 7 25
2 7 26
2 7 27
2 7 28
2 7 29
2 7 30
2 7 31
2 7 32
2 7 33
2 7 34
2 7 35
2 7 36
2 7 37
2 7 38
2 7 39
2 7 40
2 7 41
2 7 42
2 7 43
2 7 44
2 7 45
2 7 46
2 7 47
2 7 48
2 7 49
2 7 50
2 7 51
2 7 52
2 7 53
2 7 54
2 7 55
2 7 56
2 7 57
2 7 58
2 7 59
2 7 60
2 7 61
2 7 62
2 7 63
2 7 64
2 7 65
2 7 66
2 7 67
2 7 68
2 7 69
2 7 70
2 7 71
2 7 72
2 7 73
2 7 74
2 7 75
2 7 76
2 7 77
2 7 78
2 7 79
2 7 80
2 7 81
2 7 82
2 7 83
2 7 84
2 7 85
2 7 86
2 7 87
2 7 88
2 7 89
2 7 90
2 7 91
2 7 92
2 7 93
2 7 94
2 7 95
2 7 96
2 7 97
2 7 98
2 7 99
2 7 100
2 7 101
2 7 102
2 7 103
2 7 104
2 7 105
2 7 106
2 7 107
2 7 108
2 7 109
2 7 110
2 7 111
2 7 112
2 7 113
2 7 114
2 7 115
2 7 116
2 7 117
2 7 118
2 7 119
2 7 120
2 7 121
2 7 122
2 7 123
2 7 124
2 7 125
2 7 126
2 7 127
2 7 128
2 7 129
2 7 130
2 7 131
2 7 132
2 7 133
2 7 134
2 7 135
2 7 136
2 7 137
2 7 138
2 7 139
3 0 0
3 0 1
3 0 2
3 0 3
3 0 4
3 0 5
3 0 6
3 0 7
3 0 8
3 0 9
3 0 10
3 0 11
3 0 12
3 0 13
3 0 14
3 0 15
3 0 16
3 0 17
3 0 18
3 0 19
3 0 20
3 0 21
3 0 22
3 0 23
3 0 24
3 0 25
3 0 26
3 0 27
3 0 28
3 0 29
3 0 30
3 0 31
3 0 32
3 0 33
3 0 34
3 0 35
3 0 36
3 0 37
3 0 38
3 0 39
3 0 40
3 0 41
3 0 42
3 0 43
3 0 44
3 0 45
3 0 46
3 0 47
3 0 48
3 0 49
3 0 50
3 0 51
3 0 52
3 0 53
3 0 54
3 0 55
3 0 56
3 0 57
3 0 58
3 0 59
3 0 60
3 0 61
3 0 62
3 0 63
3 0 64
3 0 65
3 0 66
3 0 67
3 0 68
3 0 69
3 0 70
3 0 71
3 0 72
3 0 73
3 0 74
3 0 75
3 0 76
3 0 77
3 0 78
3 0 79
3 0 80
3 0 81
3 0 82
3 0 83
3 0 84
3 0 85
3 0 86
3 0 87
3 0 88
3 0 89
3 0 90
3 0 91
3 0 92
3 0 93
3 0 94
3 0 95
3 0 96
3 0 97
3 0 98
3 0 99
3 0 100
3 0 101
3 0 102
3 0 103
3 0 104
3 0 105
3 0 106
3 0 107
3 0 108
3 0 109
3 0 110
3 0 111
3 0 112
3 0 113
3 0 114
3 0 115
3 0 116
3 0 117
3 0 118
3 0 119
3 0 120
3 0 121
3 0 122
3 0 123
3 0 124
3 0 125
3 0 126
3 0 127
3 0 128
3 0 129
3 0 130
3 0 131
3 0 132
3 0 133
3 0 134
3 0 135
3 0 136
3 0 137
3 0 138
3 0 139
3 1 0
3 1 1
3 1 2
3 1 3
3 1 4
3 1 5
3 1 6
3 1 7
3 1 8
3 1 9
3 1 10
3 1 11
3 1 12
3 1 13
3 1 14
3 1 15
3 1 16
3 1 17
3 1 18
3 1 19
3 1 20
3 1 21
3 1 22
3 1 23
3 1 24
3 1 25
3 1 26
3 1 27
3 1 28
3 1 29
3 1 30
3 1 31
3 1 32
3 1 33
3 1 34
3 1 35
3 1 36
3 1 37
3 1 38
3 1 39
3 1 40
3 1 41
3 1 42
3 1 43
3 1 44
3 1 45
3 1 46
3 1 47
3 1 48
3 1 49
3 1 50
3 1 51
3 1 52
3 1 53
3 1 54
3 1 55
3 1 56
3 1 57
3 1 58
3 1 59
3 1 60
3 1 61
3 1 62
3 1 63
3 1 64
3 1 65
3 1 66
3 1 67
3 1 68
3 1 69
3 1 70
3 1 71
3 1 72
3 1 73
3 1 74
3 1 75
3 1 76
3 1 77
3 1 78
3 1 79
3 1 80
3 1 81
3 1 82
3 1 83
3 1 84
3 1 85
3 1 86
3 1 87
3 1 88
3 1 89
3 1 90
3 1 91
3 1 92
3 1 93
3 1 94
3 1 95
3 1 96
3 1 97
3 1 98
3 1 99
3 1 100
3 1 101
3 1 102
3 1 103
3 1 104
3 1 105
3 1 106
3 1 107
3 1 108
3 1 109
3 1 110
3 1 111
3 1 112
3 1 113
3 1 114
3 1 115
3 1 116
3 1 117
3 1 118
3 1 119
3 1 120
3 1 121
3 1 122
3 1 123
3 1 124
3 1 125
3 1 126
3 1 127
3 1 128
3 1 129
3 1 130
3 1 131
3 1 132
3 1 133
3 1 134
3 1 135
3 1 136
3 1 137
3 1 138
3 1 139
3 2 0
3 2 1
3 2 2
3 2 3
3 2 4
3 2 5
3 2 6
3 2 7
3 2 8
3 2 9
3 2 10
3 2 11
3 2 12
3 2 13
3 2 14
3 2 15
3 2 16
3 2 17
3 2 18
3 2 19
3 2 20
3 2 21
3 2 22
3 2 23
3 2 24
3 2 25
3 2 26
3 2 27
3 2 28
3 2 29
3 2 30
3 2 31
3 2 32
3 2 33
3 2 34
3 2 35
3 2 36
3 2 37
3 2 38
3 2 39
3 2 40
3 2 41
3 2 42
3 2 43
3 2 44
3 2 45
3 2 46
3 2 47
3 2 48
3 2 49
3 2 50
3 2 51
3 2 52
3 2 53
3 2 54
3 2 55
3 2 56
3 2 57
3 2 58
3 2 59
3 2 60
3 2 61
3 2 62
3 2 63
3 2 64
3 2 65
3 2 66
3 2 67
3 2 68
3 2 69
3 2 70
3 2 71
3 2 72
3 2 73
3 2 74
3 2 75
3 2 76
3 2 77
3 2 78
3 2 79
3 2 80
3 2 81
3 2 82
3 2 83
3 2 84
3 2 85
3 2 86
3 2 87
3 2 88
3 2 89
3 2 90
3 2 91
3 2 92
3 2 93
3 2 94
3 2 95
3 2 96
3 2 97
3 2 98
3 2 99
3 2 100
3 2 101
3 2 102
3 2 103
3 2 104
3 2 105
3 2 106
3 2 107
3 2 108
3 2 109
3 2 110
3 2 111
3 2 112
3 2 113
3 2 114
3 2 115
3 2 116
3 2 117
3 2 118
3 2 119
3 2 120
3 2 121
3 2 122
3 2 123
3 2 124
3 2 125
3 2 126
3 2 127
3 2 128
3 2 129
3 2 130
3 2 131
3 2 132
3 2 133
3 2 134
3 2 135
3 2 136
3 2 137
3 2 138
3 2 139
3 3 0
3 3 1
3 3 2
3 3 3
3 3 4
3 3 5
3 3 6
3 3 7
3 3 8
3 3 9
3 3 10
3 3 11
3 3 12
3 3 13
3 3 14
3 3 15
3 3 16
3 3 17
3 3 18
3 3 19
3 3 20
3 3 21
3 3 22
3 3 23
3 3 24
3 3 25
3 3 26
3 3 27
3 3 28
3 3 29
3 3 30
3 3 31
3 3 32
3 3 33
3 3 34
3 3 35
3 3 36
3 3 37
3 3 38
3 3 39
3 3 40
3 3 41
3 3 42
3 3 43
3 3 44
3 3 45
3 3 46
3 3 47
3 3 48
3 3 49
3 3 50
3 3 51
3 3 52
3 3 53
3 3 54
3 3 55
3 3 56
3 3 57
3 3 58
3 3 59
3 3 60
3 3 61
3 3 62
3 3 63
3 3 64
3 3 65
3 3 66
3 3 67
3 3 68
3 3 69
3 3 70
3 3 71
3 3 72
3 3 73
3 3 74
3 3 75
3 3 76
3 3 77
3 3 78
3 3 79
3 3 80
3 3 81
3 3 82
3 3 83
3 3 84
3 3 85
3 3 86
3 3 87
3 3 88
3 3 89
3 3 90
3 3 91
3 3 92
3 3 93
3 3 94
3 3 95
3 3 96
3 3 97
3 3 98
3 3 99
3 3 100
3 3 101
3 3 102
3 3 103
3 3 104
3 3 105
3 3 106
3 3 107
3 3 108
3 3 109
3 3 110
3 3 111
3 3 112
3 3 113
3 3 114
3 3 115
3 3 116
3 3 117
3 3 118
3 3 119
3 3 120
3 3 121
3 3 122
3 3 123
3 3 124
3 3 125
3 3 126
3 3 127
3 3 128
3 3 129
3 3 130
3 3 131
3 3 132
3 3 133
3 3 134
3 3 135
3 3 136
3 3 137
3 3 138
3 3 139
3 4 0
3 4 1
3 4 2
3 4 3
3 4 4
3 4 5
3 4 6
3 4 7
3 4 8
3 4 9
3 4 10
3 4 11
3 4 12
3 4 13
3 4 14
3 4 15
3 4 16
3 4 17
3 4 18
3 4 19
3 4 20
3 4 21
3 4 22
3 4 23
3 4 24
3 4 25
3 4 26
3 4 27
3 4 28
3 4 29
3 4 30
3 4 31
3 4 32
3 4 33
3 4 34
3 4 35
3 4 36
3 4 37
3 4 38
3 4 39
3 4 40
3 4 41
3 4 42
3 4 43
3 4 44
3 4 45
3 4 46
3 4 47
3 4 48
3 4 49
3 4 50
3 4 51
3 4 52
3 4 53
3 4 54
3 4 55
3 4 56
3 4 57
3 4 58
3 4 59
3 4 60
3 4 61
3 4 62
3 4 63
3 4 64
3 4 65
3 4 66
3 4 67
3 4 68
3 4 69
3 4 70
3 4 71
3 4 72
3 4 73
3 4 74
3 4 75
3 4 76
3 4 77
3 4 78
3 4 79
3 4 80
3 4 81
3 4 82
3 4 83
3 4 84
3 4 85
3 4 86
3 4 87
3 4 88
3 4 89
3 4 90
3 4 91
3 4 92
3 4 93
3 4 94
3 4 95
3 4 96
3 4 97
3 4 98
3 4 99
3 4 100
3 4 101
3 4 102
3 4 103
3 4 104
3 4 105
3 4 106
3 4 107
3 4 108
3 4 109
3 4 110
3 4 111
3 4 112
3 4 113
3 4 114
3 4 115
3 4 116
3 4 117
3 4 118
3 4 119
3 4 120
3 4 121
3 4 122
3 4 123
3 4 124
3 4 125
3 4 126
3 4 127
3 4 128
3 4 129
3 4 130
3 4 131
3 4 132
3 4 133
3 4 134
3 4 135
3 4 136
3 4 137
3 4 138
3 4 139
3 5 0
3 5 1
3 5 2
3 5 3
3 5 4
3 5 5
3 5 6
3 5 7
3 5 8
3 5 9
3 5 10
3 5 11
3 5 12
3 5 13
3 5 14
3 5 15
3 5 16
3 5 17
3 5 18
3 5 19
3 5 20
3 5 21
3 5 22
3 5 23
3 5 24
3 5 25
3 5 26
3 5 27
3 5 28
3 5 29
3 5 30
3 5 31
3 5 32
3 5 33
3 5 34
3 5 35
3 5 36
3 5 37
3 5 38
3 5 39
3 5 40
3 5 41
3 5 42
3 5 43
3 5 44
3 5 45
3 5 46
3 5 47
3 5 48
3 5 49
3 5 50
3 5 51
3 5 52
3 5 53
3 5 54
3 5 55
3 5 56
3 5 57
3 5 58
3 5 59
3 5 60
3 5 61
3 5 62
3 5 63
3 5 64
3 5 65
3 5 66
3 5 67
3 5 68
3 5 69
3 5 70
3 5 71
3 5 72
3 5 73
3 5 74
3 5 75
3 5 76
3 5 77
3 5 78
3 5 79
3 5 80
3 5 81
3 5 82
3 5 83
3 5 84
3 5 85
3 5 86
3 5 87
3 5 88
3 5 89
3 5 90
3 5 91
3 5 92
3 5 93
3 5 94
3 5 95
3 5 96
3 5 97
3 5 98
3 5 99
3 5 100
3 5 101
3 5 102
3 5 103
3 5 104
3 5 105
3 5 106
3 5 107
3 5 108
3 5 109
3 5 110
3 5 111
3 5 112
3 5 113
3 5 114
3 5 115
3 5 116
3 5 117
3 5 118
3 5 119
3 5 120
3 5 121
3 5 122
3 5 123
3 5 124
3 5 125
3 5 126
3 5 127
3 5 128
3 5 129
3 5 130
3 5 131
3 5 132
3 5 133
3 5 134
3 5 135
3 5 136
3 5 137
3 5 138
3 5 139
3 6 0
3 6 1
3 6 2
3 6 3
3 6 4
3 6 5
3 6 6
3 6 7
3 6 8
3 6 9
3 6 10
3 6 11
3 6 12
3 6 13
3 6 14
3 6 15
3 6 16
3 6 17
3 6 18
3 6 19
3 6 20
3 6 21
3 6 22
3 6 23
3 6 24
3 6 25
3 6 26
3 6 27
3 6 28
3 6 29
3 6 30
3 6 31
3 6 32
3 6 33
3 6 34
3 6 35
3 6 36
3 6 37
3 6 38
3 6 39
3 6 40
3 6 41
3 6 42
3 6 43
3 6 44
3 6 45
3 6 46
3 6 47
3 6 48
3 6 49
3 6 50
3 6 51
3 6 52
3 6 53
3 6 54
3 6 55
3 6 56
3 6 57
3 6 58
3 6 59
3 6 60
3 6 61
3 6 62
3 6 63
3 6 64
3 6 65
3 6 66
3 6 67
3 6 68
3 6 69
3 6 70
3 6 71
3 6 72
3 6 73
3 6 74
3 6 75
3 6 76
3 6 77
3 6 78
3 6 79
3 6 80
3 6 81
3 6 82
3 6 83
3 6 84
3 6 85
3 6 86
3 6 87
3 6 88
3 6 89
3 6 90
3 6 91
3 6 92
3 6 93
3 6 94
3 6 95
3 6 96
3 6 97
3 6 98
3 6 99
3 6 100
3 6 101
3 6 102
3 6 103
3 6 104
3 6 105
3 6 106
3 6 107
3 6 108
3 6 109
3 6 110
3 6 111
3 6 112
3 6 113
3 6 114
3 6 115
3 6 116
3 6 117
3 6 118
3 6 119
3 6 120
3 6 121
3 6 122
3 6 123
3 6 124
3 6 125
3 6 126
3 6 127
3 6 128
3 6 129
3 6 130
3 6 131
3 6 132
3 6 133
3 6 134
3 6 135
3 6 136
3 6 137
3 6 138
3 6 139
3 7 0
3 7 1
3 7 2
3 7 3
3 7 4
3 7 5
3 7 6
3 7 7
3 7 8
3 7 9
3 7 10
3 7 11
3 7 12
3 7 13
3 7 14
3 7 15
3 7 16
3 7 17
3 7 18
3 7 19
3 7 20
3 7 21
3 7 22
3 7 23
3 7 24
3 7 25
3 7 26
3 7 27
3 7 28
3 7 29
3 7 30
3 7 31
3 7 32
3 7 33
3 7 34
3 7 35
3 7 36
3 7 37
3 7 38
3 7 39
3 7 40
3 7 41
3 7 42
3 7 43
3 7 44
3 7 45
3 7 46
3 7 47
3 7 48
3 7 49
3 7 50
3 7 51
3 7 52
3 7 53
3 7 54
3 7 55
3 7 56
3 7 57
3 7 58
3 7 59
3 7 60
3 7 61
3 7 62
3 7 63
3 7 64
3 7 65
3 7 66
3 7 67
3 7 68
3 7 69
3 7 70
3 7 71
3 7 72
3 7 73
3 7 74
3 7 75
3 7 76
3 7 77
3 7 78
3 7 79
3 7 80
3 7 81
3 7 82
3 7 83
3 7 84
3 7 85
3 7 86
3 7 87
3 7 88
3 7 89
3 7 90
3 7 91
3 7 92
3 7 93
3 7 94
3 7 95
3 7 96
3 7 97
3 7 98
3 7 99
3 7 100
3 7 101
3 7 102
3 7 103
3 7 104
3 7 105
3 7 106
3 7 107
3 7 108
3 7 109
3 7 110
3 7 111
3 7 112
3 7 113
3 7 114
3 7 115
3 7 116
3 7 117
3 7 118
3 7 119
3 7 120
3 7 121
3 7 122
3 7 123
3 7 124
3 7 125
3 7 126
3 7 127
3 7 128
3 7 129
3 7 130
3 7 131
3 7 132
3 7 133
3 7 134
3 7 135
3 7 136
3 7 137
3 7 138
3 7 139
