# unique placement sequence per macro edge (all counts == 1)
# first edge 0 -> 17293822637554016271 fills slice 0; walk edge i fills slice i+1
edge_72072624_866380711010242554=0,0,0,1,0,0,1,0,1,1,0,2,1,1,2;2,0,0,3,0,0,3,0,1,3,0,2,3,1,2;2,1,0,0,1,1,1,1,1,2,1,1,0,2,1;1,2,0,3,1,1,1,2,1,2,2,1,3,2,1;2,3,0,2,4,0,2,4,1,1,4,2,2,4,2;0,5,0,1,5,0,0,6,0,0,7,0,0,7,1;3,5,0,3,6,0,3,6,1,2,6,2,3,6,2;1,6,0,1,7,0,2,7,0,3,7,0,3,7,1
edge_230543904_6125001254108143641=0,0,0,1,0,0,2,0,0,2,1,0,0,0,1;3,0,0,3,1,0,2,2,0,3,2,0,3,0,1;0,1,0,0,2,0,0,1,1,0,1,2,1,1,2;1,3,0,1,4,0,1,3,1,1,3,2,2,3,2;2,5,0,0,5,1,1,5,1,2,5,1,0,6,1;1,6,0,3,5,1,1,6,1,2,6,1,3,6,1;0,7,0,1,7,0,0,7,1,0,6,2,0,7,2;2,7,0,3,7,0,2,7,1,2,6,2,2,7,2
edge_4096019391_944636619170669568=2,1,0,2,2,0,2,2,1,1,2,2,2,2,2;0,3,0,1,3,0,0,4,0,0,5,0,0,5,1;3,3,0,3,4,0,3,4,1,2,4,2,3,4,2;1,4,0,1,4,1,1,5,1,1,6,1,2,6,1;2,5,0,1,3,1,2,3,1,2,4,1,2,5,1;3,5,0,3,6,0,3,6,1,2,6,2,3,6,2;0,6,0,1,6,0,0,6,1,0,5,2,0,6,2
edge_4258407471_27083926332145392=0,1,0,0,2,0,0,1,1,0,1,2,1,1,2;2,1,0,3,1,0,3,1,1,3,1,2,3,2,2;1,2,0,1,2,1,1,3,1,1,4,1,2,4,1;3,2,0,3,3,0,2,4,0,3,4,0,3,2,1;0,3,0,0,4,0,0,3,1,0,3,2,1,3,2;2,3,0,1,1,1,2,1,1,2,2,1,2,3,1;1,5,0,1,6,0,1,5,1,1,5,2,2,5,2
edge_4294967295_0=
edge_64574966991_1224979307383262271=0,1,0,0,2,0,0,1,1,0,1,2,1,1,2;1,1,0,1,2,0,0,3,0,1,3,0,1,1,1;3,4,0,2,2,1,3,2,1,3,3,1,3,4,1;0,6,0,1,6,0,2,6,0,2,7,0,0,6,1;0,7,0,1,7,0,0,7,1,0,6,2,0,7,2;3,7,0,2,5,1,3,5,1,3,6,1,3,7,1
edge_68719476687_2336462209071=0,1,0,1,1,0,1,1,1,1,1,2,1,2,2
edge_73585760529_216172928169111603=1,0,0,2,0,0,3,0,0,3,1,0,1,0,1;1,1,0,2,1,0,1,1,1,1,0,2,1,1,2;1,2,0,2,2,0,1,3,0,1,4,0,1,4,1;2,3,0,0,3,1,1,3,1,2,3,1,0,4,1;0,5,0,1,5,0,2,5,0,2,6,0,0,5,1;3,5,0,3,6,0,2,7,0,3,7,0,3,5,1;0,6,0,0,7,0,0,6,1,0,6,2,1,6,2
edge_73585760529_216173366255775897=1,0,0,1,1,0,2,1,0,3,1,0,3,1,1;2,0,0,3,0,0,3,0,1,3,0,2,3,1,2;1,2,0,2,2,0,1,3,0,1,4,0,1,4,1;2,3,0,0,3,1,1,3,1,2,3,1,0,4,1;0,5,0,1,5,0,2,5,0,2,6,0,0,5,1;3,5,0,3,6,0,2,7,0,3,7,0,3,5,1;0,6,0,0,7,0,0,6,1,0,6,2,1,6,2
edge_197602541454_57420899422830702=0,0,0,0,1,0,1,1,0,2,1,0,2,1,1;3,3,0,3,4,0,3,4,1,2,4,2,3,4,2;0,5,0,1,5,0,0,6,0,0,7,0,0,7,1;2,5,0,2,6,0,2,5,1,2,5,2,3,5,2;3,5,0,3,6,0,2,7,0,3,7,0,3,5,1;1,7,0,3,6,1,1,7,1,2,7,1,3,7,1
edge_201795375342_211106304882495=0,0,0,0,0,1,0,1,1,0,2,1,1,2,1;0,1,0,0,2,0,1,2,0,2,2,0,2,2,1;3,2,0,3,3,0,3,3,1,2,3,2,3,3,2;1,3,0,1,4,0,2,4,0,3,4,0,3,4,1;2,3,0,0,3,1,1,3,1,2,3,1,0,4,1;2,6,0,1,4,1,2,4,1,2,5,1,2,6,1
edge_730144440522_17306823198616993791=0,0,0,0,0,1,0,1,1,0,2,1,1,2,1;2,0,0,2,0,1,2,1,1,2,2,1,3,2,1;0,1,0,1,1,0,0,2,0,0,3,0,0,3,1;1,2,0,1,3,0,1,3,1,0,3,2,1,3,2;2,2,0,3,2,0,2,3,0,2,4,0,2,4,1;3,3,0,3,4,0,3,4,1,2,4,2,3,4,2;0,4,0,1,4,0,1,4,1,1,4,2,1,5,2;0,5,0,1,5,0,0,6,0,0,7,0,0,7,1;2,5,0,3,5,0,2,6,0,2,7,0,2,7,1;1,6,0,1,7,0,1,7,1,0,7,2,1,7,2;3,6,0,3,7,0,3,7,1,2,7,2,3,7,2
edge_734405971146_51844172282871807=0,0,0,0,0,1,0,1,1,0,2,1,1,2,1;2,0,0,2,0,1,2,1,1,2,2,1,3,2,1;0,1,0,1,1,0,0,2,0,0,3,0,0,3,1;1,2,0,1,3,0,1,3,1,0,3,2,1,3,2;1,4,0,1,5,0,2,5,0,3,5,0,3,5,1;2,4,0,3,4,0,3,4,1,3,4,2,3,5,2;0,5,0,0,6,0,0,5,1,0,5,2,1,5,2
edge_827787077367_877642275986485230=3,0,0,1,0,1,2,0,1,3,0,1,1,1,1;0,2,0,0,3,0,0,2,1,0,2,2,1,2,2;3,2,0,1,2,1,2,2,1,3,2,1,1,3,1;3,3,0,3,4,0,3,4,1,2,4,2,3,4,2;0,4,0,1,4,0,1,4,1,1,4,2,1,5,2;2,6,0,2,7,0,2,6,1,2,6,2,3,6,2
edge_828928688112_730144440522=0,0,0,1,0,0,1,0,1,1,0,2,1,1,2;2,0,0,3,0,0,3,0,1,3,0,2,3,1,2
edge_970774344690_13835208177023519739=0,0,0,0,0,1,0,1,1,0,2,1,1,2,1;2,0,0,3,0,0,3,0,1,3,0,2,3,1,2;2,2,0,3,2,0,3,2,1,3,2,2,3,3,2;0,4,0,1,4,0,2,4,0,2,5,0,0,4,1;0,5,0,0,5,1,0,6,1,0,7,1,1,7,1;0,6,0,0,7,0,1,7,0,2,7,0,2,7,1;3,6,0,3,7,0,3,7,1,2,7,2,3,7,2
edge_2336462209071_17295028187630141430=0,1,0,0,1,1,0,2,1,0,3,1,1,3,1;2,1,0,3,1,0,3,1,1,3,1,2,3,2,2;0,2,0,1,2,0,0,3,0,0,4,0,0,4,1;2,2,0,1,0,1,2,0,1,2,1,1,2,2,1;3,2,0,3,3,0,2,4,0,3,4,0,3,2,1;1,3,0,2,3,0,2,3,1,2,3,2,2,4,2;1,4,0,3,3,1,1,4,1,2,4,1,3,4,1;0,5,0,1,5,0,0,6,0,0,7,0,0,7,1;2,5,0,3,5,0,2,6,0,2,7,0,2,7,1;1,6,0,1,7,0,1,7,1,0,7,2,1,7,2;3,6,0,3,7,0,3,7,1,2,7,2,3,7,2
edge_2392190747439_432352161401354172=0,1,0,0,1,1,0,2,1,0,3,1,1,3,1;2,1,0,2,2,0,2,2,1,1,2,2,2,2,2;3,1,0,3,2,0,2,3,0,3,3,0,3,1,1;0,3,0,1,3,0,0,4,0,0,5,0,0,5,1;2,5,0,2,6,0,2,6,1,1,6,2,2,6,2;1,6,0,0,4,1,1,4,1,1,5,1,1,6,1
edge_3315413741415_19141123374151671=3,0,0,3,1,0,3,1,1,2,1,2,3,1,2;0,1,0,2,0,1,0,1,1,1,1,1,2,1,1;0,3,0,2,2,1,0,3,1,1,3,1,2,3,1;0,4,0,0,4,1,0,5,1,0,6,1,1,6,1;0,5,0,1,5,0,0,6,0,0,7,0,0,7,1;2,5,0,3,5,0,2,5,1,2,4,2,2,5,2
edge_3444851212575_9800916360149195682=1,1,0,1,2,0,2,2,0,3,2,0,3,2,1;2,1,0,3,1,0,3,1,1,3,1,2,3,2,2;0,3,0,1,3,0,0,3,1,0,2,2,0,3,2;2,3,0,2,4,0,2,3,1,2,3,2,3,3,2;3,3,0,3,4,0,2,5,0,3,5,0,3,3,1;0,4,0,0,5,0,0,4,1,0,4,2,1,4,2;1,6,0,1,7,0,2,7,0,3,7,0,3,7,1;2,6,0,3,6,0,3,6,1,3,6,2,3,7,2
edge_3714845699955_19141123374151671=2,0,0,0,0,1,1,0,1,2,0,1,0,1,1;3,0,0,3,1,0,3,1,1,2,1,2,3,1,2;0,3,0,2,2,1,0,3,1,1,3,1,2,3,1;0,4,0,0,4,1,0,5,1,0,6,1,1,6,1;0,5,0,1,5,0,0,6,0,0,7,0,0,7,1;2,5,0,3,5,0,2,5,1,2,4,2,2,5,2
edge_18691990691805_9799832817218679042=1,0,0,1,1,0,1,0,1,1,0,2,2,0,2;1,3,0,2,3,0,3,3,0,3,4,0,1,3,1;3,5,0,2,3,1,3,3,1,3,4,1,3,5,1;1,6,0,1,7,0,2,7,0,3,7,0,3,7,1;2,6,0,3,6,0,3,6,1,3,6,2,3,7,2
edge_18695955943728_197602541454=0,0,0,1,0,0,1,0,1,1,0,2,1,1,2;2,0,0,2,1,0,2,0,1,2,0,2,3,0,2;3,0,0,3,1,0,2,2,0,3,2,0,3,0,1;1,2,0,3,1,1,1,2,1,2,2,1,3,2,1;1,3,0,2,3,0,3,3,0,3,4,0,1,3,1;0,4,0,2,3,1,0,4,1,1,4,1,2,4,1;1,4,0,2,4,0,1,5,0,1,6,0,1,6,1
edge_25303648870161_13893924295082588043=1,0,0,1,1,0,2,1,0,3,1,0,3,1,1;2,0,0,3,0,0,3,0,1,3,0,2,3,1,2;1,3,0,2,3,0,1,3,1,1,2,2,1,3,2;0,4,0,1,4,0,2,4,0,2,5,0,0,4,1;3,4,0,3,5,0,3,5,1,2,5,2,3,5,2;0,5,0,1,5,0,0,5,1,0,4,2,0,5,2;3,6,0,3,7,0,3,7,1,2,7,2,3,7,2
edge_53362957221768_243194452926001305=0,0,0,1,0,0,2,0,0,2,1,0,0,0,1;0,1,0,1,1,0,0,1,1,0,0,2,0,1,2;2,4,0,0,4,1,1,4,1,2,4,1,0,5,1;1,5,0,1,6,0,1,5,1,1,5,2,2,5,2;2,5,0,2,6,0,1,7,0,2,7,0,2,5,1;3,5,0,2,3,1,3,3,1,3,4,1,3,5,1;0,6,0,0,7,0,0,6,1,0,6,2,1,6,2
edge_53362957221768_243194671969333452=0,0,0,0,1,0,1,1,0,2,1,0,2,1,1;1,0,0,2,0,0,2,0,1,2,0,2,2,1,2;2,4,0,0,4,1,1,4,1,2,4,1,0,5,1;1,5,0,1,6,0,1,5,1,1,5,2,2,5,2;2,5,0,2,6,0,1,7,0,2,7,0,2,5,1;3,5,0,2,3,1,3,3,1,3,4,1,3,5,1;0,6,0,0,7,0,0,6,1,0,6,2,1,6,2
edge_53362957221768_1531223946620301465=0,0,0,1,0,0,2,0,0,2,1,0,0,0,1;0,1,0,1,1,0,0,1,1,0,0,2,0,1,2;2,4,0,0,4,1,1,4,1,2,4,1,0,5,1;1,5,0,2,5,0,2,5,1,2,5,2,2,6,2;3,5,0,2,3,1,3,3,1,3,4,1,3,5,1;0,6,0,1,6,0,2,6,0,2,7,0,0,6,1;0,7,0,1,7,0,0,7,1,0,6,2,0,7,2
edge_53362957221768_1531224165663633612=0,0,0,0,1,0,1,1,0,2,1,0,2,1,1;1,0,0,2,0,0,2,0,1,2,0,2,2,1,2;2,4,0,0,4,1,1,4,1,2,4,1,0,5,1;1,5,0,2,5,0,2,5,1,2,5,2,2,6,2;3,5,0,2,3,1,3,3,1,3,4,1,3,5,1;0,6,0,1,6,0,2,6,0,2,7,0,0,6,1;0,7,0,1,7,0,0,7,1,0,6,2,0,7,2
edge_56077072732959_15903338482628454=1,1,0,2,1,0,3,1,0,3,2,0,1,1,1;2,2,0,1,0,1,2,0,1,2,1,1,2,2,1;1,3,0,1,4,0,2,4,0,3,4,0,3,4,1;2,3,0,3,3,0,3,3,1,3,3,2,3,4,2;0,4,0,2,3,1,0,4,1,1,4,1,2,4,1;0,5,0,0,6,0,0,5,1,0,5,2,1,5,2;1,5,0,2,5,0,3,5,0,3,6,0,1,5,1;3,7,0,2,5,1,3,5,1,3,6,1,3,7,1
edge_149587129794420_13862080625860708494=0,0,0,1,0,0,1,0,1,1,0,2,1,1,2;3,0,0,3,1,0,3,1,1,2,1,2,3,1,2;2,4,0,2,5,0,2,5,1,1,5,2,2,5,2;3,6,0,3,7,0,3,7,1,2,7,2,3,7,2
edge_149681908254771_1225278990726569958=2,0,0,2,1,0,1,2,0,2,2,0,2,0,1;3,0,0,3,1,0,3,1,1,2,1,2,3,1,2;0,2,0,2,1,1,0,2,1,1,2,1,2,2,1;0,3,0,1,3,0,2,3,0,2,4,0,0,3,1;0,4,0,1,4,0,0,4,1,0,3,2,0,4,2;0,6,0,1,6,0,2,6,0,2,7,0,0,6,1;0,7,0,1,7,0,0,7,1,0,6,2,0,7,2
edge_150119994919065_1225278191862652878=1,0,0,1,1,0,1,0,1,1,0,2,2,0,2;2,0,0,2,1,0,1,2,0,2,2,0,2,0,1;0,2,0,2,1,1,0,2,1,1,2,1,2,2,1;0,3,0,1,3,0,2,3,0,2,4,0,0,3,1;0,4,0,1,4,0,0,4,1,0,3,2,0,4,2;0,6,0,1,6,0,2,6,0,2,7,0,0,6,1;0,7,0,1,7,0,0,7,1,0,6,2,0,7,2
edge_211106304882495_878202223639195200=2,1,0,3,1,0,2,1,1,2,0,2,2,1,2;3,2,0,1,2,1,2,2,1,3,2,1,1,3,1;0,5,0,0,6,0,0,5,1,0,5,2,1,5,2;1,5,0,3,4,1,1,5,1,2,5,1,3,5,1;3,5,0,3,6,0,3,6,1,2,6,2,3,6,2;1,6,0,1,7,0,2,7,0,3,7,0,3,7,1;0,7,0,2,6,1,0,7,1,1,7,1,2,7,1
edge_211108230197316_13873338667156160523=0,0,0,0,1,0,0,0,1,0,0,2,1,0,2;1,0,0,1,1,0,0,2,0,1,2,0,1,0,1;3,0,0,3,1,0,2,2,0,3,2,0,3,0,1;1,4,0,1,5,0,2,5,0,3,5,0,3,5,1;2,4,0,3,4,0,3,4,1,3,4,2,3,5,2;3,6,0,3,7,0,3,7,1,2,7,2,3,7,2
edge_214027112276607_9799849284114370542=3,1,0,3,2,0,3,2,1,2,2,2,3,2,2;0,2,0,0,3,0,0,2,1,0,2,2,1,2,2;2,2,0,1,0,1,2,0,1,2,1,1,2,2,1;1,6,0,1,7,0,2,7,0,3,7,0,3,7,1;2,6,0,3,6,0,3,6,1,3,6,2,3,7,2
edge_312263029292817_13848569442374589576=1,0,0,1,1,0,2,1,0,3,1,0,3,1,1;2,0,0,3,0,0,3,0,1,3,0,2,3,1,2;0,5,0,0,6,0,0,5,1,0,5,2,1,5,2;3,6,0,3,7,0,3,7,1,2,7,2,3,7,2;0,7,0,2,6,1,0,7,1,1,7,1,2,7,1
edge_844425501575406_13835076763354599681=0,0,0,0,1,0,0,0,1,0,0,2,1,0,2;0,2,0,1,2,0,2,2,0,2,3,0,0,2,1;0,3,0,1,3,0,0,3,1,0,2,2,0,3,2;0,5,0,1,5,0,0,6,0,0,7,0,0,7,1;2,5,0,3,5,0,2,6,0,2,7,0,2,7,1;3,6,0,3,7,0,3,7,1,2,7,2,3,7,2
edge_844429173715488_2449971597628874559=0,0,0,1,0,0,2,0,0,2,1,0,0,0,1;3,0,0,1,0,1,2,0,1,3,0,1,1,1,1;0,1,0,0,2,0,0,1,1,0,1,2,1,1,2;3,1,0,3,2,0,3,2,1,2,2,2,3,2,2;2,2,0,0,2,1,1,2,1,2,2,1,0,3,1;0,5,0,2,4,1,0,5,1,1,5,1,2,5,1;0,6,0,1,6,0,1,6,1,1,6,2,1,7,2
edge_844631380590399_9853885332833370288=2,1,0,3,1,0,3,1,1,3,1,2,3,2,2;3,4,0,3,5,0,3,5,1,2,5,2,3,5,2;0,5,0,2,4,1,0,5,1,1,5,1,2,5,1;1,6,0,1,7,0,2,7,0,3,7,0,3,7,1;2,6,0,3,6,0,3,6,1,3,6,2,3,7,2
edge_860921782210542_4837864096874241=0,0,0,0,1,0,0,0,1,0,0,2,1,0,2;0,3,0,0,4,0,0,3,1,0,3,2,1,3,2;1,3,0,2,3,0,3,3,0,3,4,0,1,3,1;2,4,0,2,5,0,1,6,0,2,6,0,2,4,1;0,5,0,1,5,0,0,5,1,0,4,2,0,5,2;3,5,0,1,5,1,2,5,1,3,5,1,1,6,1
edge_881808426562323_13889101838161014504=2,0,0,3,0,0,3,0,1,3,0,2,3,1,2;1,1,0,2,1,0,3,1,0,3,2,0,1,1,1;2,2,0,2,2,1,2,3,1,2,4,1,3,4,1;3,3,0,2,1,1,3,1,1,3,2,1,3,3,1;0,4,0,0,5,0,1,5,0,2,5,0,2,5,1;3,4,0,3,5,0,3,5,1,2,5,2,3,5,2;0,6,0,0,7,0,1,7,0,2,7,0,2,7,1;3,6,0,3,7,0,3,7,1,2,7,2,3,7,2
edge_937885415068467_13873338705818681340=2,0,0,2,1,0,2,0,1,2,0,2,3,0,2;3,0,0,3,1,0,2,2,0,3,2,0,3,0,1;1,3,0,0,1,1,1,1,1,1,2,1,1,3,1;3,3,0,2,1,1,3,1,1,3,2,1,3,3,1;1,4,0,1,5,0,2,5,0,3,5,0,3,5,1;2,4,0,3,4,0,3,4,1,3,4,2,3,5,2;0,5,0,2,4,1,0,5,1,1,5,1,2,5,1;3,6,0,3,7,0,3,7,1,2,7,2,3,7,2
edge_968671740654591_13873343327203491264=2,2,0,3,2,0,2,2,1,2,1,2,2,2,2;3,3,0,2,1,1,3,1,1,3,2,1,3,3,1;1,4,0,1,5,0,2,5,0,3,5,0,3,5,1;2,4,0,3,4,0,3,4,1,3,4,2,3,5,2;0,5,0,2,4,1,0,5,1,1,5,1,2,5,1;3,6,0,3,7,0,3,7,1,2,7,2,3,7,2
edge_993961997994120_1378120250958256401=0,0,0,1,0,0,2,0,0,2,1,0,0,0,1;0,1,0,1,1,0,0,1,1,0,0,2,0,1,2;0,2,0,1,2,0,2,2,0,2,3,0,0,2,1;0,3,0,1,3,0,0,3,1,0,2,2,0,3,2;0,5,0,1,5,0,1,5,1,1,5,2,1,6,2;0,7,0,1,7,0,0,7,1,0,6,2,0,7,2
edge_1209466984666995_153228524596259976=2,0,0,3,0,0,3,0,1,3,0,2,3,1,2;3,1,0,3,2,0,2,3,0,3,3,0,3,1,1;1,3,0,1,4,0,1,3,1,1,3,2,2,3,2;1,6,0,2,6,0,1,6,1,1,5,2,1,6,2
edge_1238325088220808_13835058131518324701=0,0,0,1,0,0,2,0,0,2,1,0,0,0,1;0,1,0,1,1,0,0,1,1,0,0,2,0,1,2;0,2,0,0,2,1,0,3,1,0,4,1,1,4,1;3,2,0,2,0,1,3,0,1,3,1,1,3,2,1;0,6,0,0,7,0,1,7,0,2,7,0,2,7,1;3,6,0,3,7,0,3,7,1,2,7,2,3,7,2
edge_2392554187423983_272108305905531255=0,1,0,2,0,1,0,1,1,1,1,1,2,1,1;0,2,0,1,2,0,0,2,1,0,1,2,0,2,2;2,2,0,3,2,0,3,2,1,3,2,2,3,3,2;0,3,0,0,4,0,0,3,1,0,3,2,1,3,2;1,3,0,1,3,1,1,4,1,1,5,1,2,5,1;2,3,0,2,4,0,2,4,1,1,4,2,2,4,2;3,4,0,3,5,0,3,5,1,2,5,2,3,5,2;0,6,0,0,7,0,0,6,1,0,6,2,1,6,2
edge_2397210662664048_8358680910396690399=0,0,0,0,0,1,0,1,1,0,2,1,1,2,1;1,0,0,2,0,0,3,0,0,3,1,0,1,0,1;3,2,0,2,0,1,3,0,1,3,1,1,3,2,1;1,6,0,1,7,0,1,7,1,0,7,2,1,7,2;2,6,0,0,6,1,1,6,1,2,6,1,0,7,1;2,7,0,3,7,0,2,7,1,2,6,2,2,7,2
edge_3378870527459703_153421454743961496=3,0,0,3,1,0,2,2,0,3,2,0,3,0,1;1,2,0,3,1,1,1,2,1,2,2,1,3,2,1;0,3,0,1,3,0,2,3,0,2,4,0,0,3,1;3,3,0,1,3,1,2,3,1,3,3,1,1,4,1;0,4,0,1,4,0,0,4,1,0,3,2,0,4,2;0,5,0,1,5,0,1,5,1,1,5,2,1,6,2;2,5,0,2,6,0,1,7,0,2,7,0,2,5,1;1,6,0,3,5,1,1,6,1,2,6,1,3,6,1
edge_3409589852444928_12016193213743098=0,0,0,1,0,0,1,0,1,1,0,2,1,1,2;2,0,0,3,0,0,3,0,1,3,0,2,3,1,2;0,1,0,1,1,0,2,1,0,2,2,0,0,1,1;3,1,0,1,1,1,2,1,1,3,1,1,1,2,1;1,2,0,1,3,0,1,3,1,0,3,2,1,3,2;2,3,0,3,3,0,3,3,1,3,3,2,3,4,2;0,4,0,1,4,0,1,4,1,1,4,2,1,5,2
edge_3505311788593167_9782423672780799=0,1,0,1,1,0,2,1,0,2,2,0,0,1,1;3,1,0,1,1,1,2,1,1,3,1,1,1,2,1;0,2,0,1,2,0,0,2,1,0,1,2,0,2,2;3,2,0,3,3,0,3,3,1,2,3,2,3,3,2;0,4,0,1,4,0,1,4,1,1,4,2,1,5,2
edge_4240819784515464_3458764587641278737=0,0,0,1,0,0,2,0,0,2,1,0,0,0,1;0,1,0,1,1,0,0,1,1,0,0,2,0,1,2;0,5,0,1,5,0,0,6,0,0,7,0,0,7,1;1,6,0,1,7,0,1,7,1,0,7,2,1,7,2
edge_4785807032028906_1837468661354822895=0,0,0,0,1,0,0,0,1,0,0,2,1,0,2;2,0,0,2,0,1,2,1,1,2,2,1,3,2,1;0,2,0,0,3,0,1,3,0,2,3,0,2,3,1;2,4,0,2,4,1,2,5,1,2,6,1,3,6,1;1,5,0,0,3,1,1,3,1,1,4,1,1,5,1;2,5,0,3,5,0,3,5,1,3,5,2,3,6,2;0,6,0,1,6,0,2,6,0,2,7,0,0,6,1;0,7,0,1,7,0,0,7,1,0,6,2,0,7,2
edge_4837864096874241_306320129004272895=1,0,0,1,1,0,2,1,0,3,1,0,3,1,1;2,0,0,3,0,0,3,0,1,3,0,2,3,1,2;0,1,0,2,0,1,0,1,1,1,1,1,2,1,1;2,3,0,3,3,0,2,3,1,2,2,2,2,3,2;3,4,0,2,2,1,3,2,1,3,3,1,3,4,1;0,6,0,0,7,0,1,7,0,2,7,0,2,7,1;2,6,0,3,6,0,2,6,1,2,5,2,2,6,2;3,7,0,2,5,1,3,5,1,3,6,1,3,7,1
edge_4996181123003379_9838118645322597384=2,0,0,3,0,0,3,0,1,3,0,2,3,1,2;2,2,0,3,2,0,2,2,1,2,1,2,2,2,2;1,4,0,1,5,0,2,5,0,3,5,0,3,5,1;2,4,0,3,4,0,3,4,1,3,4,2,3,5,2;1,6,0,1,7,0,2,7,0,3,7,0,3,7,1;2,6,0,3,6,0,3,6,1,3,6,2,3,7,2
edge_7230680809209855_9799832791449972804=1,4,0,1,5,0,2,5,0,3,5,0,3,5,1;1,6,0,1,7,0,2,7,0,3,7,0,3,7,1;2,6,0,3,6,0,3,6,1,3,6,2,3,7,2
edge_9579497056829616_13889313673465757058=0,0,0,1,0,0,1,0,1,1,0,2,1,1,2;2,0,0,3,0,0,2,1,0,2,2,0,2,2,1;0,2,0,1,2,0,0,2,1,0,1,2,0,2,2;3,2,0,3,3,0,3,3,1,2,3,2,3,3,2;0,3,0,1,3,0,2,3,0,2,4,0,0,3,1;3,4,0,3,5,0,3,5,1,2,5,2,3,5,2;2,5,0,1,3,1,2,3,1,2,4,1,2,5,1;3,6,0,3,7,0,3,7,1,2,7,2,3,7,2
edge_9782423672780799_17293822573182971664=3,2,0,1,2,1,2,2,1,3,2,1,1,3,1;0,4,0,0,4,1,0,5,1,0,6,1,1,6,1;0,5,0,1,5,0,0,6,0,0,7,0,0,7,1;2,5,0,3,5,0,2,6,0,2,7,0,2,7,1;1,6,0,1,7,0,1,7,1,0,7,2,1,7,2;3,6,0,3,7,0,3,7,1,2,7,2,3,7,2
edge_12016193213743098_17293822573196345343=0,0,0,0,0,1,0,1,1,0,2,1,1,2,1;2,0,0,2,0,1,2,1,1,2,2,1,3,2,1;2,3,0,2,3,1,2,4,1,2,5,1,3,5,1;0,4,0,0,4,1,0,5,1,0,6,1,1,6,1;0,5,0,1,5,0,0,6,0,0,7,0,0,7,1;2,5,0,3,5,0,2,6,0,2,7,0,2,7,1;1,6,0,1,7,0,1,7,1,0,7,2,1,7,2;3,6,0,3,7,0,3,7,1,2,7,2,3,7,2
edge_13510873833738513_149681908254771=1,0,0,2,0,0,3,0,0,3,1,0,1,0,1;1,1,0,2,1,0,1,1,1,1,0,2,1,1,2;1,2,0,1,3,0,2,3,0,3,3,0,3,3,1;2,2,0,3,2,0,3,2,1,3,2,2,3,3,2;3,4,0,3,5,0,2,6,0,3,6,0,3,4,1;3,7,0,2,5,1,3,5,1,3,6,1,3,7,1
edge_13510873833738513_150119994919065=1,0,0,1,1,0,2,1,0,3,1,0,3,1,1;2,0,0,3,0,0,3,0,1,3,0,2,3,1,2;1,2,0,1,3,0,2,3,0,3,3,0,3,3,1;2,2,0,3,2,0,3,2,1,3,2,2,3,3,2;3,4,0,3,5,0,2,6,0,3,6,0,3,4,1;3,7,0,2,5,1,3,5,1,3,6,1,3,7,1
edge_13510873905363729_13838436581787329139=1,0,0,2,0,0,3,0,0,3,1,0,1,0,1;1,1,0,1,1,1,1,2,1,1,3,1,2,3,1;2,1,0,2,2,0,2,1,1,2,1,2,3,1,2;2,4,0,2,5,0,2,4,1,2,4,2,3,4,2;3,6,0,3,7,0,3,7,1,2,7,2,3,7,2
edge_14108936678981535_1226672621718216768=1,1,0,2,1,0,2,1,1,2,1,2,2,2,2;2,3,0,2,4,0,2,4,1,1,4,2,2,4,2;0,4,0,1,4,0,0,5,0,0,6,0,0,6,1;0,7,0,1,7,0,0,7,1,0,6,2,0,7,2
edge_15903338482628454_1224992305958127663=0,0,0,0,1,0,0,0,1,0,0,2,1,0,2;3,0,0,1,0,1,2,0,1,3,0,1,1,1,1;3,1,0,3,2,0,3,2,1,2,2,2,3,2,2;0,6,0,1,6,0,2,6,0,2,7,0,0,6,1;0,7,0,1,7,0,0,7,1,0,6,2,0,7,2
edge_19141123341681399_9799845985594105326=3,0,0,1,0,1,2,0,1,3,0,1,1,1,1;0,2,0,0,2,1,0,3,1,0,4,1,1,4,1;2,2,0,2,3,0,2,2,1,2,2,2,3,2,2;3,2,0,3,3,0,2,4,0,3,4,0,3,2,1;0,3,0,1,3,0,0,4,0,0,5,0,0,5,1;3,5,0,2,3,1,3,3,1,3,4,1,3,5,1;1,6,0,1,7,0,2,7,0,3,7,0,3,7,1;2,6,0,3,6,0,3,6,1,3,6,2,3,7,2
edge_19141123374151671_40180557217169646=3,0,0,1,0,1,2,0,1,3,0,1,1,1,1;3,2,0,3,3,0,3,3,1,2,3,2,3,3,2;1,4,0,1,5,0,1,4,1,1,4,2,2,4,2;2,4,0,3,4,0,3,4,1,3,4,2,3,5,2;3,5,0,3,6,0,2,7,0,3,7,0,3,5,1;2,6,0,0,6,1,1,6,1,2,6,1,0,7,1;1,7,0,3,6,1,1,7,1,2,7,1,3,7,1
edge_19351408017825888_1224982410458297091=0,0,0,0,1,0,0,0,1,0,0,2,1,0,2;1,0,0,2,0,0,3,0,0,3,1,0,1,0,1;0,2,0,0,3,0,0,2,1,0,2,2,1,2,2;1,2,0,2,2,0,3,2,0,3,3,0,1,2,1;0,4,0,0,4,1,0,5,1,0,6,1,1,6,1;0,5,0,0,6,0,1,6,0,2,6,0,2,6,1;1,5,0,0,3,1,1,3,1,1,4,1,1,5,1;0,7,0,1,7,0,0,7,1,0,6,2,0,7,2
edge_20003415057629064_13510873833738513=0,0,0,1,0,0,2,0,0,2,1,0,0,0,1;0,1,0,1,1,0,0,1,1,0,0,2,0,1,2;1,4,0,1,5,0,1,5,1,0,5,2,1,5,2;0,5,0,0,5,1,0,6,1,0,7,1,1,7,1;0,6,0,0,7,0,1,7,0,2,7,0,2,7,1;1,6,0,2,6,0,3,6,0,3,7,0,1,6,1
edge_27021804215467839_9853885332833370288=2,1,0,3,1,0,3,1,1,3,1,2,3,2,2;2,4,0,0,4,1,1,4,1,2,4,1,0,5,1;3,4,0,3,5,0,3,5,1,2,5,2,3,5,2;1,6,0,1,7,0,2,7,0,3,7,0,3,7,1;2,6,0,3,6,0,3,6,1,3,6,2,3,7,2
edge_27022011120012384_4899917221359286263=0,0,0,1,0,0,0,1,0,0,2,0,0,2,1;2,0,0,0,0,1,1,0,1,2,0,1,0,1,1;3,0,0,3,1,0,3,1,1,2,1,2,3,1,2;1,2,0,1,3,0,0,4,0,1,4,0,1,2,1;0,3,0,2,2,1,0,3,1,1,3,1,2,3,1;0,5,0,0,5,1,0,6,1,0,7,1,1,7,1;1,6,0,3,5,1,1,6,1,2,6,1,3,6,1;2,7,0,3,7,0,2,7,1,2,6,2,2,7,2
edge_27083926332145392_6124896224978780154=0,0,0,1,0,0,1,0,1,1,0,2,1,1,2;2,0,0,3,0,0,3,0,1,3,0,2,3,1,2;0,2,0,2,1,1,0,2,1,1,2,1,2,2,1;3,3,0,3,4,0,2,5,0,3,5,0,3,3,1;0,4,0,0,4,1,0,5,1,0,6,1,1,6,1;0,5,0,0,6,0,1,6,0,2,6,0,2,6,1;3,6,0,2,4,1,3,4,1,3,5,1,3,6,1;0,7,0,1,7,0,0,7,1,0,6,2,0,7,2;2,7,0,3,7,0,2,7,1,2,6,2,2,7,2
edge_38280597042891711_8358680910312169536=2,1,0,2,2,0,1,3,0,2,3,0,2,1,1;0,3,0,0,4,0,1,4,0,2,4,0,2,4,1;3,3,0,1,3,1,2,3,1,3,3,1,1,4,1;0,5,0,1,5,0,0,6,0,0,7,0,0,7,1;2,5,0,0,5,1,1,5,1,2,5,1,0,6,1;1,6,0,1,7,0,1,7,1,0,7,2,1,7,2;2,7,0,3,7,0,2,7,1,2,6,2,2,7,2
edge_38280599986302600_6917529101738643729=0,0,0,1,0,0,2,0,0,2,1,0,0,0,1;0,1,0,1,1,0,0,1,1,0,0,2,0,1,2;0,2,0,0,2,1,0,3,1,0,4,1,1,4,1;0,3,0,0,4,0,1,4,0,2,4,0,2,4,1;2,6,0,2,7,0,2,7,1,1,7,2,2,7,2
edge_38283898601926638_1224979111959557889=0,0,0,0,1,0,0,0,1,0,0,2,1,0,2;0,3,0,2,2,1,0,3,1,1,3,1,2,3,1;0,4,0,1,4,0,0,5,0,0,6,0,0,6,1;2,4,0,0,4,1,1,4,1,2,4,1,0,5,1;1,5,0,1,6,0,2,6,0,3,6,0,3,6,1;0,7,0,1,7,0,0,7,1,0,6,2,0,7,2
edge_38289944688001200_13836959327796002178=0,0,0,1,0,0,1,0,1,1,0,2,1,1,2;2,0,0,3,0,0,2,1,0,2,2,0,2,2,1;0,2,0,1,2,0,0,2,1,0,1,2,0,2,2;3,2,0,3,3,0,3,3,1,2,3,2,3,3,2;0,3,0,1,3,0,2,3,0,2,4,0,0,3,1;1,4,0,1,5,0,1,4,1,1,4,2,2,4,2;2,5,0,1,3,1,2,3,1,2,4,1,2,5,1;3,6,0,3,7,0,3,7,1,2,7,2,3,7,2
edge_38529086762496768_9799845985588408014=0,0,0,0,1,0,1,1,0,2,1,0,2,1,1;1,0,0,2,0,0,3,0,0,3,1,0,1,0,1;2,2,0,2,3,0,2,2,1,2,2,2,3,2,2;3,2,0,2,0,1,3,0,1,3,1,1,3,2,1;1,6,0,1,7,0,2,7,0,3,7,0,3,7,1;2,6,0,3,6,0,3,6,1,3,6,2,3,7,2
edge_38544479925302067_9799832842988482572=2,0,0,2,1,0,2,0,1,2,0,2,3,0,2;3,0,0,3,1,0,2,2,0,3,2,0,3,0,1;1,6,0,1,7,0,2,7,0,3,7,0,3,7,1;2,6,0,3,6,0,3,6,1,3,6,2,3,7,2
edge_40180557217169646_153141091976085249=0,0,0,0,1,0,0,0,1,0,0,2,1,0,2;0,2,0,1,2,0,2,2,0,2,3,0,0,2,1;3,2,0,1,2,1,2,2,1,3,2,1,1,3,1;0,3,0,1,3,0,0,3,1,0,2,2,0,3,2;0,4,0,0,4,1,0,5,1,0,6,1,1,6,1;0,5,0,1,5,0,1,5,1,1,5,2,1,6,2
edge_48061855709167854_3458783219476856577=0,0,0,0,1,0,0,0,1,0,0,2,1,0,2;0,2,0,1,2,0,2,2,0,2,3,0,0,2,1;3,2,0,1,2,1,2,2,1,3,2,1,1,3,1;0,3,0,1,3,0,0,3,1,0,2,2,0,3,2;0,4,0,0,4,1,0,5,1,0,6,1,1,6,1;2,4,0,2,4,1,2,5,1,2,6,1,3,6,1;0,5,0,1,5,0,0,6,0,0,7,0,0,7,1;1,6,0,1,7,0,1,7,1,0,7,2,1,7,2
edge_51844172282871807_6128647028508291072=2,3,0,3,3,0,2,3,1,2,2,2,2,3,2;0,4,0,1,4,0,0,4,1,0,3,2,0,4,2;2,4,0,2,5,0,2,4,1,2,4,2,3,4,2;1,5,0,1,6,0,2,6,0,3,6,0,3,6,1;0,6,0,2,5,1,0,6,1,1,6,1,2,6,1;0,7,0,1,7,0,0,7,1,0,6,2,0,7,2;2,7,0,3,7,0,2,7,1,2,6,2,2,7,2
edge_54043263961852047_254460049060594719=0,1,0,1,1,0,0,1,1,0,0,2,0,1,2;2,1,0,2,2,0,2,2,1,1,2,2,2,2,2;0,2,0,1,2,0,0,3,0,0,4,0,0,4,1;2,4,0,3,4,0,3,4,1,3,4,2,3,5,2;0,6,0,0,7,0,0,6,1,0,6,2,1,6,2
edge_54061889238799107_13835058641560861080=2,0,0,3,0,0,3,0,1,3,0,2,3,1,2;0,1,0,1,1,0,2,1,0,2,2,0,0,1,1;3,1,0,3,2,0,2,3,0,3,3,0,3,1,1;1,3,0,3,2,1,1,3,1,2,3,1,3,3,1;3,4,0,1,4,1,2,4,1,3,4,1,1,5,1;3,6,0,3,7,0,3,7,1,2,7,2,3,7,2
edge_54170947048198176_13835058108984918012=0,0,0,1,0,0,0,1,0,0,2,0,0,2,1;2,0,0,2,1,0,2,0,1,2,0,2,3,0,2;3,0,0,3,1,0,2,2,0,3,2,0,3,0,1;1,2,0,1,3,0,0,4,0,1,4,0,1,2,1;3,3,0,2,1,1,3,1,1,3,2,1,3,3,1;3,4,0,1,4,1,2,4,1,3,4,1,1,5,1;3,6,0,3,7,0,3,7,1,2,7,2,3,7,2
edge_54254889959719167_20003415057629064=0,2,0,1,2,0,2,2,0,2,3,0,0,2,1;3,2,0,1,2,1,2,2,1,3,2,1,1,3,1;0,3,0,1,3,0,0,3,1,0,2,2,0,3,2;0,4,0,0,5,0,0,4,1,0,4,2,1,4,2;1,4,0,2,4,0,2,4,1,2,4,2,2,5,2;3,4,0,3,5,0,2,6,0,3,6,0,3,4,1
edge_56436321165619455_1238325088220808=0,2,0,1,2,0,1,2,1,1,2,2,1,3,2;2,2,0,3,2,0,2,2,1,2,1,2,2,2,2;2,3,0,0,3,1,1,3,1,2,3,1,0,4,1;1,4,0,1,4,1,1,5,1,1,6,1,2,6,1;2,4,0,3,4,0,2,4,1,2,3,2,2,4,2;0,5,0,1,5,0,2,5,0,2,6,0,0,5,1
edge_57420899422830702_312263029292817=0,0,0,0,0,1,0,1,1,0,2,1,1,2,1;0,1,0,0,2,0,1,2,0,2,2,0,2,2,1;3,1,0,3,2,0,3,2,1,2,2,2,3,2,2;0,3,0,1,3,0,2,3,0,2,4,0,0,3,1;3,3,0,1,3,1,2,3,1,3,3,1,1,4,1;0,4,0,1,4,0,0,4,1,0,3,2,0,4,2;0,5,0,0,6,0,1,6,0,2,6,0,2,6,1;1,5,0,1,5,1,1,6,1,1,7,1,2,7,1
edge_67554069437415441_13835077333258607001=1,0,0,1,1,0,2,1,0,3,1,0,3,1,1;2,0,0,3,0,0,3,0,1,3,0,2,3,1,2;0,2,0,1,2,0,2,2,0,2,3,0,0,2,1;3,2,0,3,3,0,2,4,0,3,4,0,3,2,1;0,3,0,1,3,0,0,3,1,0,2,2,0,3,2;3,6,0,3,7,0,3,7,1,2,7,2,3,7,2
edge_67557879074172921_13835111126061307884=1,0,0,2,0,0,2,0,1,2,0,2,2,1,2;0,3,0,0,4,0,0,3,1,0,3,2,1,3,2;2,3,0,1,1,1,2,1,1,2,2,1,2,3,1;3,6,0,3,7,0,3,7,1,2,7,2,3,7,2
edge_67765102655324319_13838585290748129088=1,1,0,2,1,0,1,2,0,1,3,0,1,3,1;0,2,0,2,1,1,0,2,1,1,2,1,2,2,1;2,2,0,3,2,0,3,2,1,3,2,2,3,3,2;0,3,0,0,4,0,1,4,0,2,4,0,2,4,1;3,3,0,3,4,0,3,4,1,2,4,2,3,4,2;3,6,0,3,7,0,3,7,1,2,7,2,3,7,2
edge_69198939117935103_1228356798667282449=1,2,0,2,2,0,1,3,0,1,4,0,1,4,1;3,3,0,3,4,0,3,4,1,2,4,2,3,4,2;0,6,0,1,6,0,2,6,0,2,7,0,0,6,1;0,7,0,1,7,0,0,7,1,0,6,2,0,7,2
edge_76561206771938151_6124895494619758719=3,0,0,3,1,0,2,2,0,3,2,0,3,0,1;0,1,0,2,0,1,0,1,1,1,1,1,2,1,1;3,3,0,3,4,0,2,5,0,3,5,0,3,3,1;1,6,0,0,4,1,1,4,1,1,5,1,1,6,1;0,7,0,1,7,0,0,7,1,0,6,2,0,7,2;2,7,0,3,7,0,2,7,1,2,6,2,2,7,2
edge_76564565432790801_6738234141805868883=1,0,0,2,0,0,3,0,0,3,1,0,1,0,1;1,1,0,2,1,0,2,1,1,2,1,2,2,2,2;0,3,0,2,2,1,0,3,1,1,3,1,2,3,1;0,4,0,0,5,0,0,4,1,0,4,2,1,4,2;1,4,0,2,4,0,1,5,0,1,6,0,1,6,1;3,4,0,1,4,1,2,4,1,3,4,1,1,5,1;2,5,0,3,5,0,3,5,1,3,5,2,3,6,2;0,7,0,1,7,0,0,7,1,0,6,2,0,7,2;2,7,0,3,7,0,2,7,1,2,6,2,2,7,2
edge_76579885581113838_5513355935935853313=0,0,0,0,1,0,0,0,1,0,0,2,1,0,2;1,2,0,1,2,1,1,3,1,1,4,1,2,4,1;2,2,0,2,3,0,2,3,1,1,3,2,2,3,2;1,3,0,1,4,0,2,4,0,3,4,0,3,4,1;0,4,0,0,5,0,0,4,1,0,4,2,1,4,2;1,5,0,1,6,0,0,7,0,1,7,0,1,5,1;2,5,0,3,5,0,3,5,1,3,5,2,3,6,2;2,7,0,3,7,0,2,7,1,2,6,2,2,7,2
edge_76635960674143470_5513253681354467073=0,0,0,0,1,0,0,0,1,0,0,2,1,0,2;0,2,0,0,3,0,0,2,1,0,2,2,1,2,2;1,2,0,1,2,1,1,3,1,1,4,1,2,4,1;1,3,0,1,4,0,2,4,0,3,4,0,3,4,1;0,4,0,0,5,0,0,4,1,0,4,2,1,4,2;1,5,0,1,6,0,0,7,0,1,7,0,1,5,1;2,5,0,3,5,0,3,5,1,3,5,2,3,6,2;2,7,0,3,7,0,2,7,1,2,6,2,2,7,2
edge_77159394294362127_4258407471=0,1,0,0,2,0,1,2,0,2,2,0,2,2,1;1,1,0,2,1,0,3,1,0,3,2,0,1,1,1;0,7,0,2,6,1,0,7,1,1,7,1,2,7,1;3,7,0,2,5,1,3,5,1,3,6,1,3,7,1
edge_115897395847069713_15087062465193701235=1,0,0,2,0,0,3,0,0,3,1,0,1,0,1;1,1,0,1,2,0,1,1,1,1,1,2,2,1,2;2,1,0,2,2,0,1,3,0,2,3,0,2,1,1;0,2,0,0,3,0,0,2,1,0,2,2,1,2,2;3,2,0,1,2,1,2,2,1,3,2,1,1,3,1;2,4,0,2,4,1,2,5,1,2,6,1,3,6,1;1,5,0,1,6,0,1,5,1,1,5,2,2,5,2;3,6,0,3,7,0,3,7,1,2,7,2,3,7,2;0,7,0,1,7,0,0,7,1,0,6,2,0,7,2
edge_115897395847069713_15087082118964051795=1,0,0,2,0,0,3,0,0,3,1,0,1,0,1;1,1,0,2,1,0,2,1,1,2,1,2,2,2,2;0,2,0,1,2,0,2,2,0,2,3,0,0,2,1;3,2,0,1,2,1,2,2,1,3,2,1,1,3,1;0,3,0,1,3,0,0,3,1,0,2,2,0,3,2;2,4,0,2,4,1,2,5,1,2,6,1,3,6,1;1,5,0,1,6,0,1,5,1,1,5,2,2,5,2;3,6,0,3,7,0,3,7,1,2,7,2,3,7,2;0,7,0,1,7,0,0,7,1,0,6,2,0,7,2
edge_153124728007242540_970774344690=0,0,0,1,0,0,1,0,1,1,0,2,1,1,2;0,1,0,0,1,1,0,2,1,0,3,1,1,3,1;2,1,0,2,2,0,2,1,1,2,1,2,3,1,2;3,1,0,3,2,0,2,3,0,3,3,0,3,1,1;2,4,0,3,4,0,2,5,0,2,6,0,2,6,1;3,5,0,2,3,1,3,3,1,3,4,1,3,5,1
edge_153141091976085249_13835058643531207167=1,0,0,1,1,0,2,1,0,3,1,0,3,1,1;2,0,0,3,0,0,3,0,1,3,0,2,3,1,2;0,1,0,2,0,1,0,1,1,1,1,1,2,1,1;2,5,0,2,6,0,1,7,0,2,7,0,2,5,1;3,6,0,3,7,0,3,7,1,2,7,2,3,7,2;0,7,0,2,6,1,0,7,1,1,7,1,2,7,1
edge_153228524596259976_13838435832177844377=0,0,0,1,0,0,2,0,0,2,1,0,0,0,1;0,1,0,1,1,0,0,1,1,0,0,2,0,1,2;0,2,0,1,2,0,0,3,0,0,4,0,0,4,1;3,3,0,3,4,0,3,4,1,2,4,2,3,4,2;1,4,0,1,5,0,2,5,0,3,5,0,3,5,1;0,5,0,0,5,1,0,6,1,0,7,1,1,7,1;0,6,0,0,7,0,1,7,0,2,7,0,2,7,1;2,6,0,1,4,1,2,4,1,2,5,1,2,6,1;3,6,0,3,7,0,3,7,1,2,7,2,3,7,2
edge_153228524596259976_13838436051221176524=0,0,0,0,1,0,1,1,0,2,1,0,2,1,1;1,0,0,2,0,0,2,0,1,2,0,2,2,1,2;0,2,0,1,2,0,0,3,0,0,4,0,0,4,1;3,3,0,3,4,0,3,4,1,2,4,2,3,4,2;1,4,0,1,5,0,2,5,0,3,5,0,3,5,1;0,5,0,0,5,1,0,6,1,0,7,1,1,7,1;0,6,0,0,7,0,1,7,0,2,7,0,2,7,1;2,6,0,1,4,1,2,4,1,2,5,1,2,6,1;3,6,0,3,7,0,3,7,1,2,7,2,3,7,2
edge_153335395343334858_217020522480259071=0,0,0,0,1,0,0,0,1,0,0,2,1,0,2;2,0,0,2,0,1,2,1,1,2,2,1,3,2,1;1,1,0,1,2,0,1,2,1,0,2,2,1,2,2;0,4,0,0,5,0,0,4,1,0,4,2,1,4,2;0,6,0,0,7,0,0,6,1,0,6,2,1,6,2;2,6,0,1,4,1,2,4,1,2,5,1,2,6,1;1,7,0,3,6,1,1,7,1,2,7,1,3,7,1
edge_153421454743961496_201795375342=0,0,0,1,0,0,1,0,1,1,0,2,1,1,2;2,0,0,2,1,0,2,0,1,2,0,2,3,0,2;1,1,0,3,0,1,1,1,1,2,1,1,3,1,1;0,5,0,0,5,1,0,6,1,0,7,1,1,7,1;0,6,0,0,7,0,1,7,0,2,7,0,2,7,1;3,7,0,2,5,1,3,5,1,3,6,1,3,7,1
edge_157910398787453487_255262829689430715=0,1,0,0,2,0,0,1,1,0,1,2,1,1,2;2,1,0,3,1,0,2,2,0,2,3,0,2,3,1;3,2,0,3,3,0,3,3,1,2,3,2,3,3,2;0,3,0,1,3,0,1,3,1,1,3,2,1,4,2;1,4,0,1,5,0,2,5,0,3,5,0,3,5,1;2,4,0,3,4,0,3,4,1,3,4,2,3,5,2;0,6,0,0,7,0,0,6,1,0,6,2,1,6,2;2,6,0,1,4,1,2,4,1,2,5,1,2,6,1;1,7,0,3,6,1,1,7,1,2,7,1,3,7,1
edge_172860820364984160_9799832805197144067=0,0,0,0,1,0,0,0,1,0,0,2,1,0,2;1,0,0,2,0,0,3,0,0,3,1,0,1,0,1;0,5,0,0,5,1,0,6,1,0,7,1,1,7,1;3,5,0,2,3,1,3,3,1,3,4,1,3,5,1;1,6,0,1,7,0,2,7,0,3,7,0,3,7,1;2,6,0,3,6,0,3,6,1,3,6,2,3,7,2
edge_191410181639241657_216173078196914175=1,0,0,2,0,0,2,0,1,2,0,2,2,1,2;2,1,0,0,1,1,1,1,1,2,1,1,0,2,1;0,6,0,0,7,0,0,6,1,0,6,2,1,6,2;2,6,0,1,4,1,2,4,1,2,5,1,2,6,1;1,7,0,3,6,1,1,7,1,2,7,1,3,7,1
edge_216172782382219263_6124895494616383488=0,7,0,1,7,0,0,7,1,0,6,2,0,7,2;2,7,0,3,7,0,2,7,1,2,6,2,2,7,2
edge_216172786130235357_54170947048198176=1,0,0,1,1,0,1,1,1,0,1,2,1,1,2;0,3,0,0,4,0,0,3,1,0,3,2,1,3,2;2,3,0,3,3,0,2,3,1,2,2,2,2,3,2;3,4,0,3,5,0,3,5,1,2,5,2,3,5,2;0,5,0,2,4,1,0,5,1,1,5,1,2,5,1;0,7,0,2,6,1,0,7,1,1,7,1,2,7,1
edge_216172928169111603_10106078392735502310=2,0,0,2,1,0,1,2,0,2,2,0,2,0,1;3,0,0,3,1,0,3,1,1,2,1,2,3,1,2;0,2,0,2,1,1,0,2,1,1,2,1,2,2,1;3,2,0,3,3,0,2,4,0,3,4,0,3,2,1;1,5,0,2,5,0,2,5,1,2,5,2,2,6,2;1,6,0,1,7,0,2,7,0,3,7,0,3,7,1;2,6,0,3,6,0,3,6,1,3,6,2,3,7,2;0,7,0,2,6,1,0,7,1,1,7,1,2,7,1
edge_216172928169111603_13862080481830375398=2,0,0,2,1,0,1,2,0,2,2,0,2,0,1;3,0,0,3,1,0,3,1,1,2,1,2,3,1,2;0,2,0,2,1,1,0,2,1,1,2,1,2,2,1;3,2,0,3,3,0,2,4,0,3,4,0,3,2,1;1,5,0,1,6,0,1,5,1,1,5,2,2,5,2;2,5,0,2,6,0,1,7,0,2,7,0,2,5,1;3,6,0,3,7,0,3,7,1,2,7,2,3,7,2;0,7,0,2,6,1,0,7,1,1,7,1,2,7,1
edge_216172932168028158_937885415068467=0,0,0,0,0,1,0,1,1,0,2,1,1,2,1;0,3,0,1,3,0,0,3,1,0,2,2,0,3,2;2,3,0,3,3,0,2,3,1,2,2,2,2,3,2;0,4,0,0,5,0,0,4,1,0,4,2,1,4,2;0,7,0,2,6,1,0,7,1,1,7,1,2,7,1
edge_216173078196914175_211108230197316=3,2,0,3,3,0,3,3,1,2,3,2,3,3,2;0,3,0,1,3,0,0,4,0,0,5,0,0,5,1;2,3,0,0,3,1,1,3,1,2,3,1,0,4,1;0,7,0,2,6,1,0,7,1,1,7,1,2,7,1
edge_216173366255775897_10106077593871585230=1,0,0,1,1,0,1,0,1,1,0,2,2,0,2;2,0,0,2,1,0,1,2,0,2,2,0,2,0,1;0,2,0,2,1,1,0,2,1,1,2,1,2,2,1;3,2,0,3,3,0,2,4,0,3,4,0,3,2,1;1,5,0,2,5,0,2,5,1,2,5,2,2,6,2;1,6,0,1,7,0,2,7,0,3,7,0,3,7,1;2,6,0,3,6,0,3,6,1,3,6,2,3,7,2;0,7,0,2,6,1,0,7,1,1,7,1,2,7,1
edge_216173366255775897_13862079682966458318=1,0,0,1,1,0,1,0,1,1,0,2,2,0,2;2,0,0,2,1,0,1,2,0,2,2,0,2,0,1;0,2,0,2,1,1,0,2,1,1,2,1,2,2,1;3,2,0,3,3,0,2,4,0,3,4,0,3,2,1;1,5,0,1,6,0,1,5,1,1,5,2,2,5,2;2,5,0,2,6,0,1,7,0,2,7,0,2,5,1;3,6,0,3,7,0,3,7,1,2,7,2,3,7,2;0,7,0,2,6,1,0,7,1,1,7,1,2,7,1
edge_216173366817099771_67765102655324319=2,0,0,0,0,1,1,0,1,2,0,1,0,1,1;0,3,0,1,3,0,0,4,0,0,5,0,0,5,1;2,3,0,2,4,0,2,3,1,2,3,2,3,3,2;1,4,0,1,5,0,1,5,1,0,5,2,1,5,2;2,5,0,2,6,0,2,5,1,2,5,2,3,5,2;3,5,0,3,6,0,2,7,0,3,7,0,3,5,1;0,7,0,2,6,1,0,7,1,1,7,1,2,7,1
edge_216175193334219519_13835357126588976759=0,2,0,0,3,0,1,3,0,2,3,0,2,3,1;2,2,0,1,0,1,2,0,1,2,1,1,2,2,1;3,2,0,3,3,0,2,4,0,3,4,0,3,2,1;0,4,0,1,4,0,0,4,1,0,3,2,0,4,2;3,6,0,3,7,0,3,7,1,2,7,2,3,7,2;0,7,0,2,6,1,0,7,1,1,7,1,2,7,1
edge_216179393812236015_13835357126588976759=0,1,0,2,0,1,0,1,1,1,1,1,2,1,1;0,2,0,0,3,0,1,3,0,2,3,0,2,3,1;3,2,0,3,3,0,2,4,0,3,4,0,3,2,1;0,4,0,1,4,0,0,4,1,0,3,2,0,4,2;3,6,0,3,7,0,3,7,1,2,7,2,3,7,2;0,7,0,2,6,1,0,7,1,1,7,1,2,7,1
edge_216210169523095176_13510873905363729=0,0,0,1,0,0,2,0,0,2,1,0,0,0,1;0,1,0,1,1,0,0,1,1,0,0,2,0,1,2;0,2,0,0,2,1,0,3,1,0,4,1,1,4,1;3,2,0,3,3,0,2,4,0,3,4,0,3,2,1;0,3,0,1,3,0,0,4,0,0,5,0,0,5,1;1,4,0,1,5,0,1,5,1,0,5,2,1,5,2;3,5,0,2,3,1,3,3,1,3,4,1,3,5,1;0,7,0,2,6,1,0,7,1,1,7,1,2,7,1
edge_216210169534515912_968671740654591=0,0,0,1,0,0,0,1,0,0,2,0,0,2,1;2,0,0,0,0,1,1,0,1,2,0,1,0,1,1;1,1,0,3,0,1,1,1,1,2,1,1,3,1,1;2,2,0,2,3,0,2,3,1,1,3,2,2,3,2;0,3,0,1,3,0,0,3,1,0,2,2,0,3,2;0,4,0,0,5,0,0,4,1,0,4,2,1,4,2;0,7,0,2,6,1,0,7,1,1,7,1,2,7,1
edge_216225575017524225_56436321165619455=1,0,0,1,1,0,2,1,0,3,1,0,3,1,1;2,0,0,3,0,0,3,0,1,3,0,2,3,1,2;0,1,0,2,0,1,0,1,1,1,1,1,2,1,1;0,2,0,1,2,0,0,3,0,0,4,0,0,4,1;2,3,0,3,3,0,3,3,1,3,3,2,3,4,2;3,4,0,3,5,0,3,5,1,2,5,2,3,5,2;0,5,0,1,5,0,0,6,0,0,7,0,0,7,1;1,7,0,3,6,1,1,7,1,2,7,1,3,7,1
edge_216323487952783752_25303648870161=0,0,0,0,1,0,0,0,1,0,0,2,1,0,2;1,0,0,2,0,0,1,1,0,1,2,0,1,2,1;2,1,0,2,2,0,2,2,1,1,2,2,2,2,2;0,3,0,1,3,0,0,3,1,0,2,2,0,3,2;0,7,0,2,6,1,0,7,1,1,7,1,2,7,1
edge_217020522480259071_54061889238799107=0,3,0,1,3,0,0,3,1,0,2,2,0,3,2;3,4,0,3,5,0,3,5,1,2,5,2,3,5,2;0,5,0,2,4,1,0,5,1,1,5,1,2,5,1;0,7,0,2,6,1,0,7,1,1,7,1,2,7,1
edge_218565905275781256_13835656606072422399=0,0,0,1,0,0,0,1,0,0,2,0,0,2,1;2,0,0,0,0,1,1,0,1,2,0,1,0,1,1;1,1,0,1,2,0,1,1,1,1,1,2,2,1,2;2,1,0,2,2,0,1,3,0,2,3,0,2,1,1;3,2,0,1,2,1,2,2,1,3,2,1,1,3,1;0,3,0,0,3,1,0,4,1,0,5,1,1,5,1;1,4,0,2,4,0,1,4,1,1,3,2,1,4,2;3,6,0,3,7,0,3,7,1,2,7,2,3,7,2;0,7,0,2,6,1,0,7,1,1,7,1,2,7,1
edge_220958066887229247_9579497056829616=2,1,0,3,1,0,3,1,1,3,1,2,3,2,2;1,4,0,2,4,0,3,4,0,3,5,0,1,4,1;1,5,0,2,5,0,1,5,1,1,4,2,1,5,2;0,7,0,2,6,1,0,7,1,1,7,1,2,7,1
edge_220958066887229247_38289944688001200=2,1,0,3,1,0,3,1,1,3,1,2,3,2,2;1,4,0,1,5,0,2,5,0,3,5,0,3,5,1;2,4,0,3,4,0,3,4,1,3,4,2,3,5,2;0,7,0,2,6,1,0,7,1,1,7,1,2,7,1
edge_243194452926001305_9799833205759745907=1,0,0,1,0,1,1,1,1,1,2,1,2,2,1;2,0,0,2,1,0,2,1,1,1,1,2,2,1,2;1,1,0,1,2,0,2,2,0,3,2,0,3,2,1;0,2,0,0,2,1,0,3,1,0,4,1,1,4,1;1,6,0,1,7,0,2,7,0,3,7,0,3,7,1;2,6,0,3,6,0,3,6,1,3,6,2,3,7,2;0,7,0,2,6,1,0,7,1,1,7,1,2,7,1
edge_243194671969333452_9799832806327787367=0,0,0,0,1,0,0,0,1,0,0,2,1,0,2;1,0,0,1,0,1,1,1,1,1,2,1,2,2,1;1,1,0,1,2,0,2,2,0,3,2,0,3,2,1;0,2,0,0,2,1,0,3,1,0,4,1,1,4,1;1,6,0,1,7,0,2,7,0,3,7,0,3,7,1;2,6,0,3,6,0,3,6,1,3,6,2,3,7,2;0,7,0,2,6,1,0,7,1,1,7,1,2,7,1
edge_254460049060594719_9807625032352575249=1,1,0,2,1,0,1,2,0,1,3,0,1,3,1;3,1,0,3,2,0,3,2,1,2,2,2,3,2,2;0,2,0,0,3,0,0,2,1,0,2,2,1,2,2;2,3,0,3,3,0,3,3,1,3,3,2,3,4,2;1,4,0,2,4,0,1,4,1,1,3,2,1,4,2;0,5,0,1,5,0,0,5,1,0,4,2,0,5,2;1,6,0,1,7,0,2,7,0,3,7,0,3,7,1;2,6,0,3,6,0,3,6,1,3,6,2,3,7,2;0,7,0,2,6,1,0,7,1,1,7,1,2,7,1
edge_255262829689430715_149587129794420=2,0,0,2,1,0,2,0,1,2,0,2,3,0,2;0,2,0,2,1,1,0,2,1,1,2,1,2,2,1;2,2,0,3,2,0,3,2,1,3,2,2,3,3,2;0,3,0,0,3,1,0,4,1,0,5,1,1,5,1;0,7,0,2,6,1,0,7,1,1,7,1,2,7,1
edge_272108305905531255_9800680379475558384=3,0,0,3,1,0,3,1,1,2,1,2,3,1,2;1,2,0,2,2,0,1,2,1,1,1,2,1,2,2;2,3,0,1,1,1,2,1,1,2,2,1,2,3,1;0,4,0,0,5,0,0,4,1,0,4,2,1,4,2;1,6,0,1,7,0,2,7,0,3,7,0,3,7,1;2,6,0,3,6,0,3,6,1,3,6,2,3,7,2;0,7,0,2,6,1,0,7,1,1,7,1,2,7,1
edge_306244778754834432_77159394294362127=0,0,0,0,1,0,0,0,1,0,0,2,1,0,2;1,0,0,1,1,0,0,2,0,1,2,0,1,0,1;2,0,0,2,1,0,2,0,1,2,0,2,3,0,2;3,0,0,3,1,0,2,2,0,3,2,0,3,0,1;0,3,0,1,3,0,0,4,0,0,5,0,0,5,1;2,3,0,0,3,1,1,3,1,2,3,1,0,4,1;3,3,0,3,4,0,2,5,0,3,5,0,3,3,1;1,4,0,2,4,0,1,4,1,1,3,2,1,4,2;1,5,0,1,5,1,1,6,1,1,7,1,2,7,1;0,6,0,1,6,0,0,6,1,0,5,2,0,6,2;3,6,0,2,4,1,3,4,1,3,5,1,3,6,1
edge_306249448471448799_5116089178031854944=1,1,0,1,2,0,0,3,0,1,3,0,1,1,1;0,2,0,0,2,1,0,3,1,0,4,1,1,4,1;0,4,0,1,4,0,0,5,0,0,6,0,0,6,1;1,5,0,1,6,0,1,6,1,0,6,2,1,6,2;3,6,0,2,4,1,3,4,1,3,5,1,3,6,1;2,7,0,3,7,0,2,7,1,2,6,2,2,7,2
edge_306320129004272895_216210169523095176=0,2,0,1,2,0,1,2,1,1,2,2,1,3,2;1,4,0,2,4,0,1,5,0,1,6,0,1,6,1;0,6,0,0,7,0,0,6,1,0,6,2,1,6,2;1,7,0,3,6,1,1,7,1,2,7,1,3,7,1
edge_308646868265048223_72072624=1,1,0,2,1,0,1,2,0,1,3,0,1,3,1;0,2,0,0,2,1,0,3,1,0,4,1,1,4,1;2,2,0,2,3,0,1,4,0,2,4,0,2,2,1
edge_432345640714422015_216172786130235357=0,2,0,2,1,1,0,2,1,1,2,1,2,2,1;3,2,0,2,0,1,3,0,1,3,1,1,3,2,1;0,3,0,0,4,0,1,4,0,2,4,0,2,4,1;1,3,0,1,3,1,1,4,1,1,5,1,2,5,1;0,6,0,0,7,0,0,6,1,0,6,2,1,6,2;1,7,0,3,6,1,1,7,1,2,7,1,3,7,1
edge_432352161401354172_216172932168028158=0,0,0,1,0,0,1,0,1,1,0,2,1,1,2;2,1,0,0,1,1,1,1,1,2,1,1,0,2,1;3,2,0,2,0,1,3,0,1,3,1,1,3,2,1;2,3,0,3,3,0,2,4,0,2,5,0,2,5,1;3,4,0,1,4,1,2,4,1,3,4,1,1,5,1;3,5,0,3,6,0,2,7,0,3,7,0,3,5,1;0,6,0,0,7,0,0,6,1,0,6,2,1,6,2;1,7,0,3,6,1,1,7,1,2,7,1,3,7,1
edge_432377517954309327_220958066887229247=0,1,0,0,2,0,0,1,1,0,1,2,1,1,2;1,1,0,1,1,1,1,2,1,1,3,1,2,3,1;1,2,0,1,3,0,2,3,0,3,3,0,3,3,1;0,4,0,1,4,0,2,4,0,2,5,0,0,4,1;0,5,0,1,5,0,0,5,1,0,4,2,0,5,2;0,6,0,0,7,0,0,6,1,0,6,2,1,6,2;1,7,0,3,6,1,1,7,1,2,7,1,3,7,1
edge_433192926076535343_255262829689430715=0,1,0,0,2,0,0,1,1,0,1,2,1,1,2;2,1,0,3,1,0,2,2,0,2,3,0,2,3,1;3,2,0,3,3,0,3,3,1,2,3,2,3,3,2;0,3,0,1,3,0,1,3,1,1,3,2,1,4,2;1,4,0,1,5,0,2,5,0,3,5,0,3,5,1;2,4,0,3,4,0,3,4,1,3,4,2,3,5,2;0,5,0,2,4,1,0,5,1,1,5,1,2,5,1;0,6,0,0,7,0,0,6,1,0,6,2,1,6,2;1,7,0,3,6,1,1,7,1,2,7,1,3,7,1
edge_433541850058317039_881808426562323=0,1,0,0,1,1,0,2,1,0,3,1,1,3,1;0,2,0,1,2,0,1,2,1,1,2,2,1,3,2;1,3,0,1,4,0,1,4,1,0,4,2,1,4,2
edge_486388763228336247_216210169534515912=3,0,0,3,1,0,2,2,0,3,2,0,3,0,1;0,2,0,1,2,0,1,2,1,1,2,2,1,3,2;3,3,0,2,1,1,3,1,1,3,2,1,3,3,1;3,4,0,1,4,1,2,4,1,3,4,1,1,5,1;0,6,0,0,7,0,0,6,1,0,6,2,1,6,2;1,7,0,3,6,1,1,7,1,2,7,1,3,7,1
edge_486395957298593721_216173078196914175=1,0,0,2,0,0,2,0,1,2,0,2,2,1,2;2,1,0,0,1,1,1,1,1,2,1,1,0,2,1;3,4,0,1,4,1,2,4,1,3,4,1,1,5,1;0,6,0,0,7,0,0,6,1,0,6,2,1,6,2;1,7,0,3,6,1,1,7,1,2,7,1,3,7,1
edge_522628736290382847_6125045028272330769=2,2,0,3,2,0,3,2,1,3,2,2,3,3,2;0,3,0,0,3,1,0,4,1,0,5,1,1,5,1;0,7,0,1,7,0,0,7,1,0,6,2,0,7,2;2,7,0,3,7,0,2,7,1,2,6,2,2,7,2
edge_612542329881891225_2397210662664048=1,0,0,2,0,0,1,1,0,1,2,0,1,2,1;2,1,0,0,1,1,1,1,1,2,1,1,0,2,1;2,2,0,3,2,0,2,2,1,2,1,2,2,2,2;1,3,0,1,4,0,2,4,0,3,4,0,3,4,1;2,3,0,3,3,0,3,3,1,3,3,2,3,4,2;0,4,0,2,3,1,0,4,1,1,4,1,2,4,1;0,5,0,1,5,0,0,6,0,0,7,0,0,7,1;2,5,0,0,5,1,1,5,1,2,5,1,0,6,1
edge_613408745337090048_64574966991=0,0,0,0,1,0,0,0,1,0,0,2,1,0,2;1,0,0,1,1,0,0,2,0,1,2,0,1,0,1;2,0,0,2,1,0,2,0,1,2,0,2,3,0,2;3,0,0,3,1,0,2,2,0,3,2,0,3,0,1;3,3,0,2,1,1,3,1,1,3,2,1,3,3,1;0,5,0,2,4,1,0,5,1,1,5,1,2,5,1
edge_617275448855101431_13900360252177055982=3,0,0,1,0,1,2,0,1,3,0,1,1,1,1;2,4,0,3,4,0,3,4,1,3,4,2,3,5,2;1,5,0,1,6,0,1,5,1,1,5,2,2,5,2;2,5,0,2,6,0,1,7,0,2,7,0,2,5,1;3,6,0,3,7,0,3,7,1,2,7,2,3,7,2
edge_617424170687965191_2449960194163604979=3,0,0,3,1,0,3,1,1,2,1,2,3,1,2;0,1,0,1,1,0,2,1,0,2,2,0,0,1,1;0,2,0,1,2,0,0,2,1,0,1,2,0,2,2;0,3,0,0,4,0,1,4,0,2,4,0,2,4,1;2,3,0,1,1,1,2,1,1,2,2,1,2,3,1;1,5,0,0,3,1,1,3,1,1,4,1,1,5,1;2,5,0,2,5,1,2,6,1,2,7,1,3,7,1;1,6,0,2,6,0,3,6,0,3,7,0,1,6,1;1,7,0,2,7,0,1,7,1,1,6,2,1,7,2
edge_620762003935164288_522628736290382847=0,0,0,1,0,0,2,0,0,2,1,0,0,0,1;3,0,0,1,0,1,2,0,1,3,0,1,1,1,1;0,1,0,1,1,0,0,1,1,0,0,2,0,1,2;3,2,0,3,3,0,3,3,1,2,3,2,3,3,2;1,4,0,1,4,1,1,5,1,1,6,1,2,6,1;1,5,0,2,5,0,2,5,1,2,5,2,2,6,2;0,6,0,0,7,0,0,6,1,0,6,2,1,6,2
edge_689050949373561087_18695955943728=0,2,0,1,2,0,2,2,0,2,3,0,0,2,1;0,3,0,1,3,0,0,3,1,0,2,2,0,3,2;0,4,0,0,5,0,1,5,0,2,5,0,2,5,1;1,6,0,1,7,0,2,7,0,3,7,0,3,7,1;0,7,0,2,6,1,0,7,1,1,7,1,2,7,1
edge_828662626979409783_1224979927035613380=3,0,0,3,1,0,3,1,1,2,1,2,3,1,2;0,3,0,0,3,1,0,4,1,0,5,1,1,5,1;2,5,0,2,5,1,2,6,1,2,7,1,3,7,1;0,7,0,1,7,0,0,7,1,0,6,2,0,7,2
edge_864691716801762201_689050949373561087=1,0,0,1,1,0,1,1,1,0,1,2,1,1,2;2,0,0,0,0,1,1,0,1,2,0,1,0,1,1;2,1,0,2,2,0,1,3,0,2,3,0,2,1,1;3,2,0,3,3,0,2,4,0,3,4,0,3,2,1;1,4,0,3,3,1,1,4,1,2,4,1,3,4,1;2,5,0,3,5,0,3,5,1,3,5,2,3,6,2;0,6,0,1,6,0,0,6,1,0,5,2,0,6,2
edge_864697729769524872_76564565432790801=0,0,0,1,0,0,2,0,0,2,1,0,0,0,1;0,1,0,1,1,0,0,1,1,0,0,2,0,1,2;0,2,0,0,3,0,0,2,1,0,2,2,1,2,2;1,3,0,3,2,1,1,3,1,2,3,1,3,3,1;0,6,0,1,6,0,0,6,1,0,5,2,0,6,2
edge_864701646814409136_38280597042891711=0,0,0,1,0,0,2,0,0,2,1,0,0,0,1;3,0,0,1,0,1,2,0,1,3,0,1,1,1,1;1,2,0,2,2,0,3,2,0,3,3,0,1,2,1;1,4,0,1,5,0,2,5,0,3,5,0,3,5,1;2,4,0,3,4,0,3,4,1,3,4,2,3,5,2
edge_864841490914838775_76579885581113838=3,0,0,1,0,1,2,0,1,3,0,1,1,1,1;0,2,0,1,2,0,2,2,0,2,3,0,0,2,1;0,3,0,1,3,0,0,3,1,0,2,2,0,3,2;0,6,0,1,6,0,0,6,1,0,5,2,0,6,2
edge_864841490914838775_76635960674143470=3,0,0,1,0,1,2,0,1,3,0,1,1,1,1;0,2,0,0,3,0,1,3,0,2,3,0,2,3,1;1,2,0,2,2,0,2,2,1,2,2,2,2,3,2;0,6,0,1,6,0,0,6,1,0,5,2,0,6,2
edge_864902238932297352_76564565432790801=0,0,0,1,0,0,2,0,0,2,1,0,0,0,1;0,1,0,1,1,0,0,1,1,0,0,2,0,1,2;0,2,0,0,3,0,0,2,1,0,2,2,1,2,2;3,2,0,1,2,1,2,2,1,3,2,1,1,3,1;0,6,0,1,6,0,0,6,1,0,5,2,0,6,2
edge_866380711010242554_216172782382219263=0,0,0,0,0,1,0,1,1,0,2,1,1,2,1;2,0,0,2,0,1,2,1,1,2,2,1,3,2,1;0,3,0,0,3,1,0,4,1,0,5,1,1,5,1;1,3,0,2,3,0,3,3,0,3,4,0,1,3,1;0,4,0,1,4,0,0,5,0,0,6,0,0,6,1;1,5,0,1,6,0,1,6,1,0,6,2,1,6,2;2,5,0,2,6,0,1,7,0,2,7,0,2,5,1;3,5,0,2,3,1,3,3,1,3,4,1,3,5,1
edge_866751342080163831_3463549589213142510=3,0,0,1,0,1,2,0,1,3,0,1,1,1,1;3,4,0,2,2,1,3,2,1,3,3,1,3,4,1;0,5,0,1,5,0,0,5,1,0,4,2,0,5,2;3,5,0,1,5,1,2,5,1,3,5,1,1,6,1;1,6,0,1,7,0,1,7,1,0,7,2,1,7,2
edge_877642275986485230_3458764527779149569=0,0,0,0,1,0,0,0,1,0,0,2,1,0,2;0,3,0,2,2,1,0,3,1,1,3,1,2,3,1;2,3,0,3,3,0,2,4,0,2,5,0,2,5,1;0,4,0,0,4,1,0,5,1,0,6,1,1,6,1;0,5,0,1,5,0,0,6,0,0,7,0,0,7,1;3,5,0,3,6,0,2,7,0,3,7,0,3,5,1;1,6,0,1,7,0,1,7,1,0,7,2,1,7,2
edge_878202223639195200_76561206771938151=0,0,0,0,1,0,0,0,1,0,0,2,1,0,2;1,0,0,2,0,0,3,0,0,3,1,0,1,0,1;1,1,0,1,1,1,1,2,1,1,3,1,2,3,1;0,2,0,0,2,1,0,3,1,0,4,1,1,4,1;0,3,0,0,4,0,1,4,0,2,4,0,2,4,1;0,6,0,1,6,0,0,6,1,0,5,2,0,6,2
edge_941553729924603903_230543904=1,3,0,2,3,0,1,4,0,1,5,0,1,5,1;2,4,0,2,5,0,1,6,0,2,6,0,2,4,1;3,5,0,2,3,1,3,3,1,3,4,1,3,5,1
edge_944636619170669568_6124896224978780154=0,0,0,1,0,0,1,0,1,1,0,2,1,1,2;2,0,0,3,0,0,3,0,1,3,0,2,3,1,2;0,1,0,0,1,1,0,2,1,0,3,1,1,3,1;1,1,0,2,1,0,3,1,0,3,2,0,1,1,1;0,2,0,1,2,0,0,3,0,0,4,0,0,4,1;3,3,0,2,1,1,3,1,1,3,2,1,3,3,1;3,5,0,1,5,1,2,5,1,3,5,1,1,6,1;0,7,0,1,7,0,0,7,1,0,6,2,0,7,2;2,7,0,3,7,0,2,7,1,2,6,2,2,7,2
edge_1224979111959557889_54254889959719167=1,0,0,1,1,0,2,1,0,3,1,0,3,1,1;2,0,0,3,0,0,3,0,1,3,0,2,3,1,2;0,1,0,2,0,1,0,1,1,1,1,1,2,1,1;3,2,0,3,3,0,3,3,1,2,3,2,3,3,2;1,5,0,1,5,1,1,6,1,1,7,1,2,7,1;2,5,0,2,6,0,2,5,1,2,5,2,3,5,2;1,6,0,1,7,0,2,7,0,3,7,0,3,7,1
edge_1224979115816781423_4996181123003379=0,1,0,0,1,1,0,2,1,0,3,1,1,3,1;3,1,0,1,1,1,2,1,1,3,1,1,1,2,1;0,2,0,0,3,0,1,3,0,2,3,0,2,3,1;3,2,0,3,3,0,3,3,1,2,3,2,3,3,2;0,4,0,1,4,0,2,4,0,2,5,0,0,4,1;0,5,0,1,5,0,0,5,1,0,4,2,0,5,2
edge_1224979248960765966_7230680809209855=0,0,0,0,0,1,0,1,1,0,2,1,1,2,1;0,1,0,1,1,0,0,2,0,0,3,0,0,3,1;2,1,0,3,1,0,2,1,1,2,0,2,2,1,2;1,2,0,1,3,0,1,3,1,0,3,2,1,3,2;2,2,0,2,2,1,2,3,1,2,4,1,3,4,1;3,2,0,2,0,1,3,0,1,3,1,1,3,2,1;2,3,0,3,3,0,3,3,1,3,3,2,3,4,2;0,4,0,1,4,0,2,4,0,2,5,0,0,4,1;0,5,0,1,5,0,0,5,1,0,4,2,0,5,2
edge_1224979307383262271_864701646814409136=2,1,0,3,1,0,3,1,1,3,1,2,3,2,2;0,2,0,1,2,0,0,2,1,0,1,2,0,2,2;0,3,0,1,3,0,0,4,0,0,5,0,0,5,1;2,3,0,0,3,1,1,3,1,2,3,1,0,4,1;1,4,0,2,4,0,1,5,0,1,6,0,1,6,1;2,6,0,2,7,0,2,6,1,2,6,2,3,6,2;1,7,0,3,6,1,1,7,1,2,7,1,3,7,1
edge_1224979925846378880_6917531439062844159=0,0,0,1,0,0,2,0,0,2,1,0,0,0,1;3,0,0,1,0,1,2,0,1,3,0,1,1,1,1;0,1,0,1,1,0,0,1,1,0,0,2,0,1,2;1,2,0,2,2,0,1,2,1,1,1,2,1,2,2;0,3,0,1,3,0,0,4,0,0,5,0,0,5,1;1,5,0,2,5,0,1,6,0,1,7,0,1,7,1;3,5,0,1,5,1,2,5,1,3,5,1,1,6,1;2,6,0,2,7,0,2,7,1,1,7,2,2,7,2
edge_1224979925846378880_6917535639540860655=0,0,0,0,1,0,0,0,1,0,0,2,1,0,2;1,0,0,2,0,0,1,1,0,1,2,0,1,2,1;3,0,0,1,0,1,2,0,1,3,0,1,1,1,1;2,1,0,2,2,0,2,2,1,1,2,2,2,2,2;0,3,0,1,3,0,0,4,0,0,5,0,0,5,1;1,5,0,2,5,0,1,6,0,1,7,0,1,7,1;3,5,0,1,5,1,2,5,1,3,5,1,1,6,1;2,6,0,2,7,0,2,7,1,1,7,2,2,7,2
edge_1224979927035613380_860921782210542=0,0,0,1,0,0,0,1,0,0,2,0,0,2,1;3,0,0,1,0,1,2,0,1,3,0,1,1,1,1;1,1,0,1,2,0,1,2,1,0,2,2,1,2,2;2,2,0,2,3,0,2,2,1,2,2,2,3,2,2;3,2,0,3,3,0,2,4,0,3,4,0,3,2,1;1,3,0,1,4,0,1,4,1,0,4,2,1,4,2;1,7,0,3,6,1,1,7,1,2,7,1,3,7,1
edge_1224982410458297091_2392190747439=2,0,0,2,1,0,2,0,1,2,0,2,3,0,2;3,0,0,3,1,0,2,2,0,3,2,0,3,0,1;0,1,0,1,1,0,1,1,1,1,1,2,1,2,2;3,4,0,1,4,1,2,4,1,3,4,1,1,5,1;3,5,0,3,6,0,2,7,0,3,7,0,3,5,1;1,7,0,3,6,1,1,7,1,2,7,1,3,7,1
edge_1224992305958127663_17293825871682424695=0,1,0,2,0,1,0,1,1,1,1,1,2,1,1;2,1,0,3,1,0,2,2,0,2,3,0,2,3,1;0,2,0,0,3,0,0,2,1,0,2,2,1,2,2;1,2,0,1,3,0,0,4,0,1,4,0,1,2,1;2,4,0,0,4,1,1,4,1,2,4,1,0,5,1;2,5,0,3,5,0,2,6,0,2,7,0,2,7,1;1,6,0,1,7,0,1,7,1,0,7,2,1,7,2;3,6,0,3,7,0,3,7,1,2,7,2,3,7,2
edge_1225190222041445991_617275448855101431=3,0,0,3,1,0,3,1,1,2,1,2,3,1,2;0,1,0,2,0,1,0,1,1,1,1,1,2,1,1;0,2,0,0,2,1,0,3,1,0,4,1,1,4,1;3,2,0,1,2,1,2,2,1,3,2,1,1,3,1;0,5,0,1,5,0,0,5,1,0,4,2,0,5,2;2,5,0,3,5,0,3,5,1,3,5,2,3,6,2
edge_1225190790602684415_38280599986302600=3,2,0,1,2,1,2,2,1,3,2,1,1,3,1;2,4,0,3,4,0,3,4,1,3,4,2,3,5,2;1,7,0,0,5,1,1,5,1,1,6,1,1,7,1;3,7,0,2,5,1,3,5,1,3,6,1,3,7,1
edge_1225278191862652878_433541850058317039=0,0,0,0,1,0,0,0,1,0,0,2,1,0,2;1,1,0,3,0,1,1,1,1,2,1,1,3,1,1;1,3,0,2,3,0,2,3,1,2,3,2,2,4,2;1,4,0,2,4,0,1,5,0,1,6,0,1,6,1;3,4,0,2,2,1,3,2,1,3,3,1,3,4,1;0,5,0,2,4,1,0,5,1,1,5,1,2,5,1;2,5,0,2,6,0,2,6,1,1,6,2,2,6,2;3,5,0,3,6,0,2,7,0,3,7,0,3,5,1;1,7,0,3,6,1,1,7,1,2,7,1,3,7,1
edge_1225278990726569958_433541850058317039=0,0,0,0,1,0,0,0,1,0,0,2,1,0,2;3,0,0,1,0,1,2,0,1,3,0,1,1,1,1;1,3,0,2,3,0,2,3,1,2,3,2,2,4,2;1,4,0,2,4,0,1,5,0,1,6,0,1,6,1;3,4,0,2,2,1,3,2,1,3,3,1,3,4,1;0,5,0,2,4,1,0,5,1,1,5,1,2,5,1;2,5,0,2,6,0,2,6,1,1,6,2,2,6,2;3,5,0,3,6,0,2,7,0,3,7,0,3,5,1;1,7,0,3,6,1,1,7,1,2,7,1,3,7,1
edge_1225281468621488607_172860820364984160=1,1,0,1,2,0,2,2,0,3,2,0,3,2,1;0,3,0,1,3,0,1,3,1,1,3,2,1,4,2;2,3,0,1,1,1,2,1,1,2,2,1,2,3,1;1,4,0,3,3,1,1,4,1,2,4,1,3,4,1;0,5,0,1,5,0,1,5,1,1,5,2,1,6,2;2,5,0,3,5,0,2,5,1,2,4,2,2,5,2
edge_1225823673882050574_38544479925302067=0,0,0,0,0,1,0,1,1,0,2,1,1,2,1;0,1,0,1,1,0,0,2,0,0,3,0,0,3,1;2,1,0,3,1,0,2,2,0,2,3,0,2,3,1;1,2,0,1,3,0,1,3,1,0,3,2,1,3,2;3,2,0,3,3,0,3,3,1,2,3,2,3,3,2;1,4,0,1,5,0,2,5,0,3,5,0,3,5,1;2,4,0,3,4,0,3,4,1,3,4,2,3,5,2;0,5,0,2,4,1,0,5,1,1,5,1,2,5,1
edge_1225824111984365562_18691990691805=0,0,0,0,0,1,0,1,1,0,2,1,1,2,1;2,0,0,2,0,1,2,1,1,2,2,1,3,2,1;0,3,0,1,3,0,0,3,1,0,2,2,0,3,2;0,5,0,2,4,1,0,5,1,1,5,1,2,5,1
edge_1225826826388047567_38529086762496768=0,1,0,1,1,0,0,2,0,0,3,0,0,3,1;3,2,0,3,3,0,3,3,1,2,3,2,3,3,2;1,3,0,2,3,0,1,3,1,1,2,2,1,3,2;1,4,0,1,5,0,2,5,0,3,5,0,3,5,1;2,4,0,3,4,0,3,4,1,3,4,2,3,5,2;0,5,0,2,4,1,0,5,1,1,5,1,2,5,1
edge_1226672621718216768_2450010987588681711=0,0,0,0,1,0,0,0,1,0,0,2,1,0,2;1,0,0,2,0,0,3,0,0,3,1,0,1,0,1;1,1,0,1,1,1,1,2,1,1,3,1,2,3,1;0,2,0,1,2,0,2,2,0,2,3,0,0,2,1;3,2,0,2,0,1,3,0,1,3,1,1,3,2,1;0,3,0,0,4,0,0,3,1,0,3,2,1,3,2;3,3,0,3,4,0,2,5,0,3,5,0,3,3,1;1,6,0,2,6,0,3,6,0,3,7,0,1,6,1;1,7,0,2,7,0,1,7,1,1,6,2,1,7,2
edge_1226672621718216768_9799885581168607215=0,0,0,0,1,0,0,0,1,0,0,2,1,0,2;1,0,0,2,0,0,3,0,0,3,1,0,1,0,1;1,1,0,1,1,1,1,2,1,1,3,1,2,3,1;0,2,0,1,2,0,2,2,0,2,3,0,0,2,1;3,2,0,2,0,1,3,0,1,3,1,1,3,2,1;0,3,0,0,4,0,0,3,1,0,3,2,1,3,2;3,3,0,3,4,0,2,5,0,3,5,0,3,3,1;1,6,0,1,7,0,2,7,0,3,7,0,3,7,1;2,6,0,3,6,0,3,6,1,3,6,2,3,7,2
edge_1227371665995846030_617424170687965191=0,0,0,0,1,0,0,0,1,0,0,2,1,0,2;1,1,0,2,1,0,1,2,0,1,3,0,1,3,1;2,2,0,3,2,0,3,2,1,3,2,2,3,3,2;0,5,0,1,5,0,0,5,1,0,4,2,0,5,2;2,5,0,3,5,0,3,5,1,3,5,2,3,6,2
edge_1228356798667282449_2449961118723996552=1,0,0,1,1,0,2,1,0,3,1,0,3,1,1;2,0,0,3,0,0,3,0,1,3,0,2,3,1,2;0,2,0,0,2,1,0,3,1,0,4,1,1,4,1;1,2,0,2,2,0,1,2,1,1,1,2,1,2,2;1,3,0,3,2,1,1,3,1,2,3,1,3,3,1;1,6,0,2,6,0,3,6,0,3,7,0,1,6,1;1,7,0,2,7,0,1,7,1,1,6,2,1,7,2
edge_1228356798667282449_2449965619849723776=1,0,0,2,0,0,1,1,0,1,2,0,1,2,1;3,0,0,3,1,0,3,1,1,2,1,2,3,1,2;2,1,0,2,2,0,2,2,1,1,2,2,2,2,2;0,2,0,0,2,1,0,3,1,0,4,1,1,4,1;1,3,0,3,2,1,1,3,1,2,3,1,3,3,1;1,6,0,2,6,0,3,6,0,3,7,0,1,6,1;1,7,0,2,7,0,1,7,1,1,6,2,1,7,2
edge_1228356798667282449_9799835712303922056=1,0,0,1,1,0,2,1,0,3,1,0,3,1,1;2,0,0,3,0,0,3,0,1,3,0,2,3,1,2;0,2,0,0,2,1,0,3,1,0,4,1,1,4,1;1,2,0,2,2,0,1,2,1,1,1,2,1,2,2;1,3,0,3,2,1,1,3,1,2,3,1,3,3,1;1,6,0,1,7,0,2,7,0,3,7,0,3,7,1;2,6,0,3,6,0,3,6,1,3,6,2,3,7,2
edge_1228356798667282449_9799840213429649280=1,0,0,2,0,0,1,1,0,1,2,0,1,2,1;3,0,0,3,1,0,3,1,1,2,1,2,3,1,2;2,1,0,2,2,0,2,2,1,1,2,2,2,2,2;0,2,0,0,2,1,0,3,1,0,4,1,1,4,1;1,3,0,3,2,1,1,3,1,2,3,1,3,3,1;1,6,0,1,7,0,2,7,0,3,7,0,3,7,1;2,6,0,3,6,0,3,6,1,3,6,2,3,7,2
edge_1229764175816892177_6919922151004405896=1,0,0,1,1,0,2,1,0,3,1,0,3,1,1;2,0,0,3,0,0,3,0,1,3,0,2,3,1,2;1,3,0,1,4,0,2,4,0,3,4,0,3,4,1;2,3,0,3,3,0,3,3,1,3,3,2,3,4,2;1,5,0,2,5,0,1,6,0,1,7,0,1,7,1;3,5,0,1,5,1,2,5,1,3,5,1,1,6,1;2,6,0,2,7,0,2,7,1,1,7,2,2,7,2
edge_1229764189888743567_1209466984666995=0,1,0,1,1,0,0,2,0,0,3,0,0,3,1;2,1,0,0,1,1,1,1,1,2,1,1,0,2,1;1,2,0,1,3,0,0,4,0,1,4,0,1,2,1;2,2,0,2,3,0,2,2,1,2,2,2,3,2,2;2,4,0,3,4,0,2,4,1,2,3,2,2,4,2;1,5,0,3,4,1,1,5,1,2,5,1,3,5,1;1,7,0,3,6,1,1,7,1,2,7,1,3,7,1
edge_1229796114913893615_27021804215467839=0,1,0,0,2,0,0,1,1,0,1,2,1,1,2;1,2,0,0,0,1,1,0,1,1,1,1,1,2,1;1,3,0,2,3,0,1,4,0,1,5,0,1,5,1;3,3,0,1,3,1,2,3,1,3,3,1,1,4,1;2,4,0,2,5,0,2,5,1,1,5,2,2,5,2
edge_1234549376701951740_3444851212575=0,0,0,1,0,0,1,0,1,1,0,2,1,1,2;0,2,0,0,3,0,0,2,1,0,2,2,1,2,2
edge_1234551588597504819_19141123341681399=2,0,0,0,0,1,1,0,1,2,0,1,0,1,1;3,0,0,3,1,0,3,1,1,2,1,2,3,1,2;2,1,0,2,2,0,1,3,0,2,3,0,2,1,1;2,5,0,3,5,0,2,5,1,2,4,2,2,5,2
edge_1244151338729479407_844631380590399=0,1,0,0,2,0,0,1,1,0,1,2,1,1,2;1,2,0,0,0,1,1,0,1,1,1,1,1,2,1;1,3,0,2,3,0,1,4,0,1,5,0,1,5,1;3,3,0,1,3,1,2,3,1,3,3,1,1,4,1;0,4,0,0,5,0,0,4,1,0,4,2,1,4,2
edge_1244272245584201985_13258672654949810175=1,0,0,1,1,0,2,1,0,3,1,0,3,1,1;2,0,0,3,0,0,3,0,1,3,0,2,3,1,2;0,1,0,2,0,1,0,1,1,1,1,1,2,1,1;1,2,0,2,2,0,2,2,1,2,2,2,2,3,2;0,3,0,1,3,0,0,4,0,0,5,0,0,5,1;2,3,0,0,3,1,1,3,1,2,3,1,0,4,1;1,4,0,1,4,1,1,5,1,1,6,1,2,6,1;1,6,0,1,7,0,1,7,1,0,7,2,1,7,2;2,6,0,3,6,0,3,6,1,3,6,2,3,7,2
edge_1263259710939205377_6917828680824385791=1,0,0,1,1,0,2,1,0,3,1,0,3,1,1;2,0,0,3,0,0,3,0,1,3,0,2,3,1,2;0,1,0,2,0,1,0,1,1,1,1,1,2,1,1;0,3,0,1,3,0,2,3,0,2,4,0,0,3,1;3,3,0,1,3,1,2,3,1,3,3,1,1,4,1;0,4,0,1,4,0,0,4,1,0,3,2,0,4,2;1,5,0,2,5,0,1,6,0,1,7,0,1,7,1;2,6,0,2,7,0,2,7,1,1,7,2,2,7,2
edge_1279038789531303918_2453335910833065729=0,0,0,0,1,0,0,0,1,0,0,2,1,0,2;3,3,0,3,4,0,3,4,1,2,4,2,3,4,2;1,4,0,1,4,1,1,5,1,1,6,1,2,6,1;1,7,0,2,7,0,1,7,1,1,6,2,1,7,2
edge_1283912939072877027_214027112276607=2,0,0,3,0,0,3,0,1,3,0,2,3,1,2;0,1,0,2,0,1,0,1,1,1,1,1,2,1,1;1,2,0,2,2,0,1,2,1,1,1,2,1,2,2;3,2,0,3,3,0,3,3,1,2,3,2,3,3,2;3,4,0,1,4,1,2,4,1,3,4,1,1,5,1
edge_1378120250958256401_17345614381214863731=1,0,0,2,0,0,3,0,0,3,1,0,1,0,1;1,1,0,1,2,0,1,1,1,1,1,2,2,1,2;2,1,0,2,2,0,1,3,0,2,3,0,2,1,1;2,4,0,3,4,0,3,4,1,3,4,2,3,5,2;0,5,0,0,6,0,0,5,1,0,5,2,1,5,2;2,5,0,3,5,0,2,6,0,2,7,0,2,7,1;1,6,0,1,7,0,1,7,1,0,7,2,1,7,2;3,6,0,3,7,0,3,7,1,2,7,2,3,7,2
edge_1531223946620301465_9799833205759745907=1,0,0,1,0,1,1,1,1,1,2,1,2,2,1;2,0,0,2,1,0,2,1,1,1,1,2,2,1,2;1,1,0,1,2,0,2,2,0,3,2,0,3,2,1;0,2,0,0,2,1,0,3,1,0,4,1,1,4,1;1,5,0,1,5,1,1,6,1,1,7,1,2,7,1;1,6,0,1,7,0,2,7,0,3,7,0,3,7,1;2,6,0,3,6,0,3,6,1,3,6,2,3,7,2
edge_1531224165663633612_9799832806327787367=0,0,0,0,1,0,0,0,1,0,0,2,1,0,2;1,0,0,1,0,1,1,1,1,1,2,1,2,2,1;1,1,0,1,2,0,2,2,0,3,2,0,3,2,1;0,2,0,0,2,1,0,3,1,0,4,1,1,4,1;1,5,0,1,5,1,1,6,1,1,7,1,2,7,1;1,6,0,1,7,0,2,7,0,3,7,0,3,7,1;2,6,0,3,6,0,3,6,1,3,6,2,3,7,2
edge_1532068302502231944_67554069437415441=0,0,0,1,0,0,2,0,0,2,1,0,0,0,1;0,1,0,1,1,0,0,1,1,0,0,2,0,1,2;3,4,0,3,5,0,3,5,1,2,5,2,3,5,2;0,5,0,0,6,0,0,5,1,0,5,2,1,5,2;1,5,0,1,5,1,1,6,1,1,7,1,2,7,1
edge_1837468661354822895_3378870527459703=0,1,0,2,0,1,0,1,1,1,1,1,2,1,1;0,2,0,1,2,0,0,2,1,0,1,2,0,2,2;3,3,0,3,4,0,3,4,1,2,4,2,3,4,2;1,6,0,1,7,0,2,7,0,3,7,0,3,7,1
edge_2449959026216171511_844425501575406=3,0,0,1,0,1,2,0,1,3,0,1,1,1,1;3,2,0,3,3,0,2,4,0,3,4,0,3,2,1;0,4,0,0,5,0,0,4,1,0,4,2,1,4,2;1,4,0,3,3,1,1,4,1,2,4,1,3,4,1
edge_2449960194163604979_216173366817099771=2,0,0,3,0,0,3,0,1,3,0,2,3,1,2;1,2,0,0,0,1,1,0,1,1,1,1,1,2,1;3,4,0,2,2,1,3,2,1,3,3,1,3,4,1;0,6,0,0,7,0,0,6,1,0,6,2,1,6,2
edge_2449961118723996552_13835058132171671295=0,0,0,1,0,0,2,0,0,2,1,0,0,0,1;0,1,0,1,1,0,0,1,1,0,0,2,0,1,2;2,2,0,1,0,1,2,0,1,2,1,1,2,2,1;0,5,0,1,5,0,2,5,0,2,6,0,0,5,1;3,5,0,2,3,1,3,3,1,3,4,1,3,5,1;3,6,0,3,7,0,3,7,1,2,7,2,3,7,2;2,7,0,1,5,1,2,5,1,2,6,1,2,7,1
edge_2449965619849723776_13835058132171671295=0,0,0,1,0,0,2,0,0,2,1,0,0,0,1;3,0,0,1,0,1,2,0,1,3,0,1,1,1,1;0,1,0,1,1,0,0,1,1,0,0,2,0,1,2;0,5,0,1,5,0,2,5,0,2,6,0,0,5,1;3,5,0,2,3,1,3,3,1,3,4,1,3,5,1;3,6,0,3,7,0,3,7,1,2,7,2,3,7,2;2,7,0,1,5,1,2,5,1,2,6,1,2,7,1
edge_2449971597628874559_13835067405003320496=2,1,0,3,1,0,3,1,1,3,1,2,3,2,2;1,3,0,2,3,0,3,3,0,3,4,0,1,3,1;3,5,0,2,3,1,3,3,1,3,4,1,3,5,1;0,6,0,0,7,0,1,7,0,2,7,0,2,7,1;2,6,0,1,4,1,2,4,1,2,5,1,2,6,1;3,6,0,3,7,0,3,7,1,2,7,2,3,7,2
edge_2450010987588681711_13889101254685585527=0,1,0,2,0,1,0,1,1,1,1,1,2,1,1;0,4,0,2,3,1,0,4,1,1,4,1,2,4,1;3,4,0,3,5,0,3,5,1,2,5,2,3,5,2;0,5,0,1,5,0,2,5,0,2,6,0,0,5,1;3,6,0,3,7,0,3,7,1,2,7,2,3,7,2;2,7,0,1,5,1,2,5,1,2,6,1,2,7,1
edge_2453335910833065729_13835903068193943807=1,0,0,1,1,0,2,1,0,3,1,0,3,1,1;2,0,0,3,0,0,3,0,1,3,0,2,3,1,2;0,1,0,2,0,1,0,1,1,1,1,1,2,1,1;0,3,0,1,3,0,2,3,0,2,4,0,0,3,1;3,3,0,1,3,1,2,3,1,3,3,1,1,4,1;0,4,0,0,5,0,0,4,1,0,4,2,1,4,2;3,6,0,3,7,0,3,7,1,2,7,2,3,7,2;2,7,0,1,5,1,2,5,1,2,6,1,2,7,1
edge_2453784502049159304_73585760529=0,0,0,1,0,0,2,0,0,2,1,0,0,0,1;0,1,0,1,1,0,0,1,1,0,0,2,0,1,2;0,2,0,1,2,0,2,2,0,2,3,0,0,2,1
edge_3458764527779149569_4900128086806266111=1,0,0,1,1,0,2,1,0,3,1,0,3,1,1;2,0,0,3,0,0,3,0,1,3,0,2,3,1,2;0,1,0,2,0,1,0,1,1,1,1,1,2,1,1;3,2,0,3,3,0,3,3,1,2,3,2,3,3,2;2,7,0,3,7,0,2,7,1,2,6,2,2,7,2
edge_3458764587641278737_306249448471448799=1,0,0,2,0,0,3,0,0,3,1,0,1,0,1;1,1,0,2,1,0,2,1,1,2,1,2,2,2,2;1,2,0,1,3,0,2,3,0,3,3,0,3,3,1;2,2,0,2,2,1,2,3,1,2,4,1,3,4,1;3,2,0,2,0,1,3,0,1,3,1,1,3,2,1;0,5,0,0,6,0,1,6,0,2,6,0,2,6,1;1,5,0,2,5,0,2,5,1,2,5,2,2,6,2;3,5,0,3,6,0,2,7,0,3,7,0,3,5,1
edge_3458783219476856577_4899916980573704703=1,0,0,1,1,0,2,1,0,3,1,0,3,1,1;2,0,0,3,0,0,3,0,1,3,0,2,3,1,2;0,1,0,2,0,1,0,1,1,1,1,1,2,1,1;2,7,0,3,7,0,2,7,1,2,6,2,2,7,2
edge_3463549589213142510_5116095788544492033=0,0,0,0,1,0,0,0,1,0,0,2,1,0,2;1,2,0,1,3,0,1,2,1,1,2,2,2,2,2;0,6,0,0,7,0,0,6,1,0,6,2,1,6,2;2,7,0,3,7,0,2,7,1,2,6,2,2,7,2
edge_3510593881193853951_864902238932297352=2,2,0,2,3,0,1,4,0,2,4,0,2,2,1;3,2,0,3,3,0,3,3,1,2,3,2,3,3,2;0,4,0,2,3,1,0,4,1,1,4,1,2,4,1;2,5,0,2,5,1,2,6,1,2,7,1,3,7,1;3,5,0,3,6,0,3,6,1,2,6,2,3,6,2
edge_3510706031379913215_864697729769524872=1,2,0,1,3,0,1,2,1,1,2,2,2,2,2;2,2,0,2,3,0,1,4,0,2,4,0,2,2,1;0,4,0,2,3,1,0,4,1,1,4,1,2,4,1;2,5,0,2,5,1,2,6,1,2,7,1,3,7,1;3,5,0,3,6,0,3,6,1,2,6,2,3,6,2
edge_3765009292587988383_27022011120012384=1,1,0,1,2,0,1,1,1,1,1,2,2,1,2;2,1,0,2,1,1,2,2,1,2,3,1,3,3,1;3,2,0,3,3,0,2,4,0,3,4,0,3,2,1;0,4,0,1,4,0,0,5,0,0,6,0,0,6,1;1,5,0,1,6,0,1,5,1,1,5,2,2,5,2;3,6,0,2,4,1,3,4,1,3,5,1,3,6,1
edge_4899916980573704703_2453784502049159304=1,2,0,1,3,0,2,3,0,3,3,0,3,3,1;2,2,0,3,2,0,3,2,1,3,2,2,3,3,2;0,4,0,1,4,0,0,4,1,0,3,2,0,4,2;2,4,0,2,5,0,2,4,1,2,4,2,3,4,2;3,4,0,3,5,0,2,6,0,3,6,0,3,4,1;0,5,0,0,5,1,0,6,1,0,7,1,1,7,1;1,5,0,0,3,1,1,3,1,1,4,1,1,5,1;0,6,0,1,6,0,1,6,1,1,6,2,1,7,2;3,7,0,2,5,1,3,5,1,3,6,1,3,7,1
edge_4899917221359286263_48061855709167854=3,0,0,1,0,1,2,0,1,3,0,1,1,1,1;3,2,0,3,3,0,3,3,1,2,3,2,3,3,2;0,4,0,1,4,0,1,4,1,1,4,2,1,5,2;2,4,0,3,4,0,3,4,1,3,4,2,3,5,2;3,7,0,2,5,1,3,5,1,3,6,1,3,7,1
edge_4899917222636341632_216175193334219519=0,0,0,1,0,0,2,0,0,2,1,0,0,0,1;3,0,0,1,0,1,2,0,1,3,0,1,1,1,1;0,1,0,1,1,0,0,1,1,0,0,2,0,1,2;1,2,0,2,2,0,1,2,1,1,1,2,1,2,2;0,3,0,1,3,0,0,4,0,0,5,0,0,5,1;1,5,0,2,5,0,1,6,0,1,7,0,1,7,1;3,5,0,1,5,1,2,5,1,3,5,1,1,6,1;0,6,0,0,7,0,0,6,1,0,6,2,1,6,2
edge_4899917222636341632_216179393812236015=0,0,0,0,1,0,0,0,1,0,0,2,1,0,2;1,0,0,2,0,0,1,1,0,1,2,0,1,2,1;3,0,0,1,0,1,2,0,1,3,0,1,1,1,1;2,1,0,2,2,0,2,2,1,1,2,2,2,2,2;0,3,0,1,3,0,0,4,0,0,5,0,0,5,1;1,5,0,2,5,0,1,6,0,1,7,0,1,7,1;3,5,0,1,5,1,2,5,1,3,5,1,1,6,1;0,6,0,0,7,0,0,6,1,0,6,2,1,6,2
edge_4900128086806266111_4240819784515464=0,2,0,1,2,0,2,2,0,2,3,0,0,2,1;3,2,0,1,2,1,2,2,1,3,2,1,1,3,1;0,3,0,1,3,0,0,3,1,0,2,2,0,3,2;0,4,0,0,5,0,0,4,1,0,4,2,1,4,2;1,4,0,1,5,0,0,6,0,1,6,0,1,4,1;2,4,0,2,5,0,2,4,1,2,4,2,3,4,2;3,4,0,3,5,0,2,6,0,3,6,0,3,4,1;3,7,0,2,5,1,3,5,1,3,6,1,3,7,1
edge_4904701472606854929_218565905275781256=1,0,0,1,1,0,2,1,0,3,1,0,3,1,1;2,0,0,3,0,0,3,0,1,3,0,2,3,1,2;1,3,0,1,4,0,2,4,0,3,4,0,3,4,1;2,3,0,3,3,0,3,3,1,3,3,2,3,4,2;1,5,0,2,5,0,1,6,0,1,7,0,1,7,1;3,5,0,1,5,1,2,5,1,3,5,1,1,6,1;0,6,0,0,7,0,0,6,1,0,6,2,1,6,2
edge_4953959594276701320_115897395847069713=0,0,0,1,0,0,2,0,0,2,1,0,0,0,1;0,1,0,1,1,0,0,1,1,0,0,2,0,1,2;0,2,0,1,2,0,0,3,0,0,4,0,0,4,1;3,2,0,3,3,0,3,3,1,2,3,2,3,3,2;1,3,0,1,4,0,1,4,1,0,4,2,1,4,2;2,4,0,3,4,0,3,4,1,3,4,2,3,5,2;0,5,0,1,5,0,2,5,0,2,6,0,0,5,1;0,6,0,1,6,0,0,6,1,0,5,2,0,6,2
edge_5116089178031854944_1229764189888743567=0,0,0,0,1,0,0,0,1,0,0,2,1,0,2;1,0,0,2,0,0,3,0,0,3,1,0,1,0,1;1,2,0,1,3,0,2,3,0,3,3,0,3,3,1;3,2,0,2,0,1,3,0,1,3,1,1,3,2,1;0,5,0,1,5,0,0,5,1,0,4,2,0,5,2;0,7,0,1,7,0,0,7,1,0,6,2,0,7,2;3,7,0,2,5,1,3,5,1,3,6,1,3,7,1
edge_5116095788544492033_13836900324722274303=1,0,0,1,1,0,2,1,0,3,1,0,3,1,1;2,0,0,3,0,0,3,0,1,3,0,2,3,1,2;0,1,0,2,0,1,0,1,1,1,1,1,2,1,1;0,2,0,0,3,0,0,2,1,0,2,2,1,2,2;2,2,0,3,2,0,3,2,1,3,2,2,3,3,2;1,3,0,2,3,0,3,3,0,3,4,0,1,3,1;1,4,0,1,5,0,1,4,1,1,4,2,2,4,2;2,4,0,2,5,0,1,6,0,2,6,0,2,4,1;3,5,0,2,3,1,3,3,1,3,4,1,3,5,1;3,6,0,3,7,0,3,7,1,2,7,2,3,7,2
edge_5513253681354467073_1225190790602684415=1,0,0,1,1,0,2,1,0,3,1,0,3,1,1;2,0,0,3,0,0,3,0,1,3,0,2,3,1,2;0,1,0,2,0,1,0,1,1,1,1,1,2,1,1;3,2,0,3,3,0,3,3,1,2,3,2,3,3,2;0,3,0,2,2,1,0,3,1,1,3,1,2,3,1;2,5,0,0,5,1,1,5,1,2,5,1,0,6,1;1,6,0,2,6,0,3,6,0,3,7,0,1,6,1;0,7,0,1,7,0,0,7,1,0,6,2,0,7,2
edge_5513355935935853313_1225190790602684415=1,0,0,1,1,0,2,1,0,3,1,0,3,1,1;2,0,0,3,0,0,3,0,1,3,0,2,3,1,2;0,1,0,2,0,1,0,1,1,1,1,1,2,1,1;2,2,0,0,2,1,1,2,1,2,2,1,0,3,1;3,2,0,3,3,0,3,3,1,2,3,2,3,3,2;2,5,0,0,5,1,1,5,1,2,5,1,0,6,1;1,6,0,2,6,0,3,6,0,3,7,0,1,6,1;0,7,0,1,7,0,0,7,1,0,6,2,0,7,2
edge_6124895494616383488_3505311788593167=0,0,0,0,1,0,0,0,1,0,0,2,1,0,2;1,0,0,1,1,0,0,2,0,1,2,0,1,0,1;2,0,0,2,1,0,2,0,1,2,0,2,3,0,2;3,0,0,3,1,0,2,2,0,3,2,0,3,0,1;0,3,0,0,4,0,0,3,1,0,3,2,1,3,2;1,3,0,1,4,0,0,5,0,1,5,0,1,3,1;2,3,0,3,3,0,2,3,1,2,2,2,2,3,2;2,4,0,2,5,0,2,4,1,2,4,2,3,4,2;3,4,0,3,5,0,2,6,0,3,6,0,3,4,1;1,7,0,0,5,1,1,5,1,1,6,1,1,7,1;3,7,0,2,5,1,3,5,1,3,6,1,3,7,1
edge_6124895494619758719_3409589852444928=3,1,0,3,2,0,3,2,1,2,2,2,3,2,2;0,2,0,1,2,0,2,2,0,2,3,0,0,2,1;0,3,0,1,3,0,0,3,1,0,2,2,0,3,2;2,4,0,2,5,0,2,4,1,2,4,2,3,4,2;3,4,0,3,5,0,2,6,0,3,6,0,3,4,1;1,7,0,0,5,1,1,5,1,1,6,1,1,7,1;3,7,0,2,5,1,3,5,1,3,6,1,3,7,1
edge_6124896224978780154_4294967295=0,0,0,0,0,1,0,1,1,0,2,1,1,2,1;2,0,0,2,0,1,2,1,1,2,2,1,3,2,1;2,3,0,0,3,1,1,3,1,2,3,1,0,4,1;1,4,0,3,3,1,1,4,1,2,4,1,3,4,1;1,7,0,0,5,1,1,5,1,1,6,1,1,7,1;3,7,0,2,5,1,3,5,1,3,6,1,3,7,1
edge_6125001254108143641_828928688112=1,0,0,2,0,0,1,1,0,1,2,0,1,2,1;2,1,0,2,2,0,2,1,1,2,1,2,3,1,2;3,1,0,3,2,0,2,3,0,3,3,0,3,1,1;0,2,0,0,2,1,0,3,1,0,4,1,1,4,1;0,3,0,0,4,0,1,4,0,2,4,0,2,4,1;3,4,0,2,2,1,3,2,1,3,3,1,3,4,1;1,7,0,0,5,1,1,5,1,1,6,1,1,7,1;3,7,0,2,5,1,3,5,1,3,6,1,3,7,1
edge_6125045028272330769_13835059811776917432=1,0,0,1,1,0,2,1,0,3,1,0,3,1,1;2,0,0,3,0,0,3,0,1,3,0,2,3,1,2;0,2,0,1,2,0,0,2,1,0,1,2,0,2,2;2,2,0,2,2,1,2,3,1,2,4,1,3,4,1;1,3,0,0,1,1,1,1,1,1,2,1,1,3,1;1,4,0,2,4,0,3,4,0,3,5,0,1,4,1;3,6,0,3,7,0,3,7,1,2,7,2,3,7,2;1,7,0,0,5,1,1,5,1,1,6,1,1,7,1
edge_6128647028508291072_68719476687=0,0,0,0,1,0,0,0,1,0,0,2,1,0,2;1,0,0,1,1,0,0,2,0,1,2,0,1,0,1;2,0,0,2,1,0,2,0,1,2,0,2,3,0,2;3,0,0,3,1,0,2,2,0,3,2,0,3,0,1;3,3,0,2,1,1,3,1,1,3,2,1,3,3,1;1,4,0,0,2,1,1,2,1,1,3,1,1,4,1;1,7,0,0,5,1,1,5,1,1,6,1,1,7,1;3,7,0,2,5,1,3,5,1,3,6,1,3,7,1
edge_6738234141805868883_13889313185971037943=2,0,0,0,0,1,1,0,1,2,0,1,0,1,1;3,0,0,3,1,0,3,1,1,2,1,2,3,1,2;1,1,0,1,1,1,1,2,1,1,3,1,2,3,1;3,2,0,3,3,0,3,3,1,2,3,2,3,3,2;2,5,0,2,6,0,2,5,1,2,5,2,3,5,2;3,6,0,3,7,0,3,7,1,2,7,2,3,7,2;1,7,0,0,5,1,1,5,1,1,6,1,1,7,1
edge_6917529101738643729_15366436139191797843=1,0,0,2,0,0,3,0,0,3,1,0,1,0,1;1,1,0,2,1,0,2,1,1,2,1,2,2,2,2;1,2,0,1,3,0,2,3,0,3,3,0,3,3,1;2,2,0,3,2,0,3,2,1,3,2,2,3,3,2;0,5,0,0,6,0,1,6,0,2,6,0,2,6,1;1,5,0,2,5,0,2,5,1,2,5,2,2,6,2;3,6,0,3,7,0,3,7,1,2,7,2,3,7,2;0,7,0,1,7,0,0,7,1,0,6,2,0,7,2
edge_6917529101738643729_15366493451235393651=1,0,0,2,0,0,3,0,0,3,1,0,1,0,1;1,1,0,1,2,0,1,1,1,1,1,2,2,1,2;2,1,0,2,2,0,1,3,0,2,3,0,2,1,1;3,2,0,3,3,0,3,3,1,2,3,2,3,3,2;0,5,0,0,6,0,1,6,0,2,6,0,2,6,1;1,5,0,2,5,0,2,5,1,2,5,2,2,6,2;3,6,0,3,7,0,3,7,1,2,7,2,3,7,2;0,7,0,1,7,0,0,7,1,0,6,2,0,7,2
edge_6917531439062844159_13835357126588976759=0,2,0,0,3,0,1,3,0,2,3,0,2,3,1;2,2,0,1,0,1,2,0,1,2,1,1,2,2,1;3,2,0,3,3,0,2,4,0,3,4,0,3,2,1;0,4,0,1,4,0,0,4,1,0,3,2,0,4,2;2,6,0,0,6,1,1,6,1,2,6,1,0,7,1;3,6,0,3,7,0,3,7,1,2,7,2,3,7,2
edge_6917535639540860655_13835357126588976759=0,1,0,2,0,1,0,1,1,1,1,1,2,1,1;0,2,0,0,3,0,1,3,0,2,3,0,2,3,1;3,2,0,3,3,0,2,4,0,3,4,0,3,2,1;0,4,0,1,4,0,0,4,1,0,3,2,0,4,2;2,6,0,0,6,1,1,6,1,2,6,1,0,7,1;3,6,0,3,7,0,3,7,1,2,7,2,3,7,2
edge_6917542298150571027_67557879074172921=2,0,0,3,0,0,3,0,1,3,0,2,3,1,2;1,1,0,2,1,0,1,2,0,1,3,0,1,3,1;3,1,0,1,1,1,2,1,1,3,1,1,1,2,1;0,2,0,0,3,0,0,2,1,0,2,2,1,2,2;2,3,0,3,3,0,2,4,0,2,5,0,2,5,1;1,4,0,3,3,1,1,4,1,2,4,1,3,4,1;3,4,0,3,5,0,3,5,1,2,5,2,3,5,2;0,5,0,0,6,0,0,5,1,0,5,2,1,5,2;1,5,0,1,6,0,0,7,0,1,7,0,1,5,1;2,6,0,0,6,1,1,6,1,2,6,1,0,7,1
edge_6917828680824385791_13839993835458206088=0,2,0,1,2,0,0,2,1,0,1,2,0,2,2;2,2,0,3,2,0,3,2,1,3,2,2,3,3,2;2,4,0,2,5,0,1,6,0,2,6,0,2,4,1;0,5,0,1,5,0,0,5,1,0,4,2,0,5,2;3,6,0,3,7,0,3,7,1,2,7,2,3,7,2
edge_6919922151004405896_13835656606072422399=0,0,0,1,0,0,0,1,0,0,2,0,0,2,1;2,0,0,0,0,1,1,0,1,2,0,1,0,1,1;1,1,0,1,2,0,1,1,1,1,1,2,2,1,2;2,1,0,2,2,0,1,3,0,2,3,0,2,1,1;3,2,0,1,2,1,2,2,1,3,2,1,1,3,1;0,3,0,0,3,1,0,4,1,0,5,1,1,5,1;1,4,0,2,4,0,1,4,1,1,3,2,1,4,2;2,6,0,0,6,1,1,6,1,2,6,1,0,7,1;3,6,0,3,7,0,3,7,1,2,7,2,3,7,2
edge_8358680910312169536_56077072732959=0,0,0,1,0,0,0,1,0,0,2,0,0,2,1;2,0,0,0,0,1,1,0,1,2,0,1,0,1,1;3,0,0,3,1,0,2,2,0,3,2,0,3,0,1;1,1,0,1,2,0,1,2,1,0,2,2,1,2,2;0,3,0,0,4,0,0,3,1,0,3,2,1,3,2;1,6,0,2,6,0,3,6,0,3,7,0,1,6,1
edge_8358680910396690399_844429173715488=1,1,0,1,1,1,1,2,1,1,3,1,2,3,1;0,3,0,1,3,0,2,3,0,2,4,0,0,3,1;0,4,0,0,5,0,0,4,1,0,4,2,1,4,2;1,4,0,3,3,1,1,4,1,2,4,1,3,4,1;1,5,0,2,5,0,3,5,0,3,6,0,1,5,1;3,7,0,2,5,1,3,5,1,3,6,1,3,7,1
edge_9799832791449972804_1224979925846378880=0,0,0,1,0,0,0,1,0,0,2,0,0,2,1;3,0,0,3,1,0,3,1,1,2,1,2,3,1,2;1,1,0,1,2,0,2,2,0,3,2,0,3,2,1;2,3,0,2,4,0,1,5,0,2,5,0,2,3,1;1,4,0,3,3,1,1,4,1,2,4,1,3,4,1;0,6,0,1,6,0,2,6,0,2,7,0,0,6,1;0,7,0,1,7,0,0,7,1,0,6,2,0,7,2
edge_9799832791449972804_4899917222636341632=0,0,0,1,0,0,0,1,0,0,2,0,0,2,1;3,0,0,3,1,0,3,1,1,2,1,2,3,1,2;1,1,0,1,2,0,2,2,0,3,2,0,3,2,1;2,3,0,2,4,0,1,5,0,2,5,0,2,3,1;1,4,0,3,3,1,1,4,1,2,4,1,3,4,1;0,6,0,0,7,0,1,7,0,2,7,0,2,7,1;1,6,0,2,6,0,2,6,1,2,6,2,2,7,2
edge_9799832805197144067_6917542298150571027=2,0,0,3,0,0,2,1,0,2,2,0,2,2,1;0,1,0,1,1,0,0,1,1,0,0,2,0,1,2;3,1,0,3,2,0,3,2,1,2,2,2,3,2,2;0,2,0,1,2,0,0,3,0,0,4,0,0,4,1;2,6,0,2,7,0,2,7,1,1,7,2,2,7,2
edge_9799832806327787367_827787077367=3,0,0,3,1,0,3,1,1,2,1,2,3,1,2;0,1,0,2,0,1,0,1,1,1,1,1,2,1,1;1,3,0,2,3,0,3,3,0,3,4,0,1,3,1;2,4,0,1,2,1,2,2,1,2,3,1,2,4,1;0,5,0,0,5,1,0,6,1,0,7,1,1,7,1;3,5,0,1,5,1,2,5,1,3,5,1,1,6,1
edge_9799832817218679042_157910398787453487=0,0,0,0,1,0,0,0,1,0,0,2,1,0,2;2,0,0,3,0,0,3,0,1,3,0,2,3,1,2;1,1,0,2,1,0,3,1,0,3,2,0,1,1,1;1,2,0,2,2,0,1,2,1,1,1,2,1,2,2;0,4,0,1,4,0,2,4,0,2,5,0,0,4,1;0,5,0,1,5,0,0,5,1,0,4,2,0,5,2;0,6,0,0,7,0,1,7,0,2,7,0,2,7,1;1,6,0,2,6,0,1,6,1,1,5,2,1,6,2
edge_9799832817218679042_433192926076535343=0,0,0,0,1,0,0,0,1,0,0,2,1,0,2;2,0,0,3,0,0,3,0,1,3,0,2,3,1,2;1,1,0,2,1,0,3,1,0,3,2,0,1,1,1;1,2,0,2,2,0,1,2,1,1,1,2,1,2,2;0,4,0,0,5,0,0,4,1,0,4,2,1,4,2;1,4,0,2,4,0,1,5,0,1,6,0,1,6,1;2,5,0,2,6,0,2,6,1,1,6,2,2,6,2;0,6,0,0,7,0,1,7,0,2,7,0,2,7,1
edge_9799832842988482572_153124728007242540=0,0,0,1,0,0,0,1,0,0,2,0,0,2,1;1,1,0,2,1,0,3,1,0,3,2,0,1,1,1;1,2,0,2,2,0,1,2,1,1,1,2,1,2,2;0,4,0,1,4,0,2,4,0,2,5,0,0,4,1;0,5,0,0,5,1,0,6,1,0,7,1,1,7,1;1,5,0,0,3,1,1,3,1,1,4,1,1,5,1;0,6,0,0,7,0,1,7,0,2,7,0,2,7,1;1,6,0,2,6,0,1,6,1,1,5,2,1,6,2
edge_9799833205759745907_827787077367=2,0,0,0,0,1,1,0,1,2,0,1,0,1,1;3,0,0,3,1,0,3,1,1,2,1,2,3,1,2;1,3,0,2,3,0,3,3,0,3,4,0,1,3,1;2,4,0,1,2,1,2,2,1,2,3,1,2,4,1;0,5,0,0,5,1,0,6,1,0,7,1,1,7,1;3,5,0,1,5,1,2,5,1,3,5,1,1,6,1
edge_9799835712303922056_432345640714422015=0,0,0,1,0,0,2,0,0,2,1,0,0,0,1;0,1,0,1,1,0,0,1,1,0,0,2,0,1,2;2,2,0,1,0,1,2,0,1,2,1,1,2,2,1;0,5,0,1,5,0,2,5,0,2,6,0,0,5,1;3,5,0,2,3,1,3,3,1,3,4,1,3,5,1;1,6,0,1,7,0,1,6,1,1,6,2,2,6,2;2,7,0,1,5,1,2,5,1,2,6,1,2,7,1
edge_9799840213429649280_432345640714422015=0,0,0,1,0,0,2,0,0,2,1,0,0,0,1;3,0,0,1,0,1,2,0,1,3,0,1,1,1,1;0,1,0,1,1,0,0,1,1,0,0,2,0,1,2;0,5,0,1,5,0,2,5,0,2,6,0,0,5,1;3,5,0,2,3,1,3,3,1,3,4,1,3,5,1;1,6,0,1,7,0,1,6,1,1,6,2,2,6,2;2,7,0,1,5,1,2,5,1,2,6,1,2,7,1
edge_9799845985588408014_1229764175816892177=0,0,0,0,0,1,0,1,1,0,2,1,1,2,1;0,1,0,1,1,0,0,2,0,0,3,0,0,3,1;0,4,0,1,4,0,2,4,0,2,5,0,0,4,1;0,5,0,1,5,0,0,5,1,0,4,2,0,5,2;0,6,0,1,6,0,2,6,0,2,7,0,0,6,1;0,7,0,1,7,0,0,7,1,0,6,2,0,7,2
edge_9799845985588408014_4904701472606854929=0,0,0,0,0,1,0,1,1,0,2,1,1,2,1;0,1,0,1,1,0,0,2,0,0,3,0,0,3,1;0,4,0,1,4,0,2,4,0,2,5,0,0,4,1;0,5,0,1,5,0,0,5,1,0,4,2,0,5,2;0,6,0,0,7,0,1,7,0,2,7,0,2,7,1;1,6,0,2,6,0,2,6,1,2,6,2,2,7,2
edge_9799845985594105326_216225575017524225=0,0,0,0,1,0,0,0,1,0,0,2,1,0,2;1,2,0,1,3,0,1,3,1,0,3,2,1,3,2;1,5,0,1,6,0,1,6,1,0,6,2,1,6,2;0,6,0,0,7,0,1,7,0,2,7,0,2,7,1;2,6,0,1,4,1,2,4,1,2,5,1,2,6,1
edge_9799849284114370542_1263259710939205377=0,0,0,0,1,0,0,0,1,0,0,2,1,0,2;0,3,0,1,3,0,0,4,0,0,5,0,0,5,1;1,4,0,1,5,0,2,5,0,3,5,0,3,5,1;2,4,0,3,4,0,3,4,1,3,4,2,3,5,2;0,6,0,1,6,0,2,6,0,2,7,0,0,6,1;0,7,0,1,7,0,0,7,1,0,6,2,0,7,2
edge_9799885581168607215_486388763228336247=0,1,0,2,0,1,0,1,1,1,1,1,2,1,1;0,4,0,2,3,1,0,4,1,1,4,1,2,4,1;3,4,0,3,5,0,3,5,1,2,5,2,3,5,2;0,5,0,1,5,0,2,5,0,2,6,0,0,5,1;1,6,0,1,7,0,1,6,1,1,6,2,2,6,2;2,7,0,1,5,1,2,5,1,2,6,1,2,7,1
edge_9800680379475558384_4785807032028906=0,0,0,1,0,0,1,0,1,1,0,2,1,1,2;2,0,0,3,0,0,3,0,1,3,0,2,3,1,2;3,4,0,2,2,1,3,2,1,3,3,1,3,4,1;0,5,0,1,5,0,0,5,1,0,4,2,0,5,2
edge_9800916360149195682_191410181639241657=0,0,0,0,1,0,0,0,1,0,0,2,1,0,2;2,0,0,3,0,0,3,0,1,3,0,2,3,1,2;2,1,0,2,2,0,2,2,1,1,2,2,2,2,2;1,3,0,0,1,1,1,1,1,1,2,1,1,3,1;1,4,0,1,5,0,2,5,0,3,5,0,3,5,1;2,4,0,3,4,0,3,4,1,3,4,2,3,5,2;0,5,0,2,4,1,0,5,1,1,5,1,2,5,1;0,6,0,0,7,0,1,7,0,2,7,0,2,7,1;1,6,0,2,6,0,1,6,1,1,5,2,1,6,2
edge_9800916360149195682_486395957298593721=0,0,0,0,1,0,0,0,1,0,0,2,1,0,2;2,0,0,3,0,0,3,0,1,3,0,2,3,1,2;2,1,0,2,2,0,2,2,1,1,2,2,2,2,2;1,3,0,0,1,1,1,1,1,1,2,1,1,3,1;1,4,0,2,4,0,1,5,0,1,6,0,1,6,1;3,4,0,3,5,0,3,5,1,2,5,2,3,5,2;0,5,0,2,4,1,0,5,1,1,5,1,2,5,1;2,5,0,2,6,0,2,6,1,1,6,2,2,6,2;0,6,0,0,7,0,1,7,0,2,7,0,2,7,1
edge_9807625032352575249_53362957221768=1,0,0,1,1,0,2,1,0,3,1,0,3,1,1;2,0,0,3,0,0,3,0,1,3,0,2,3,1,2;0,3,0,0,4,0,0,3,1,0,3,2,1,3,2;2,3,0,2,4,0,1,5,0,2,5,0,2,3,1
edge_9813343617168736275_1279038789531303918=2,0,0,3,0,0,2,1,0,2,2,0,2,2,1;1,1,0,3,0,1,1,1,1,2,1,1,3,1,1;3,1,0,3,2,0,3,2,1,2,2,2,3,2,2;0,2,0,0,3,0,0,2,1,0,2,2,1,2,2;1,2,0,1,3,0,0,4,0,1,4,0,1,2,1;2,3,0,0,3,1,1,3,1,2,3,1,0,4,1;2,4,0,2,5,0,1,6,0,2,6,0,2,4,1;3,4,0,3,5,0,3,5,1,2,5,2,3,5,2;0,6,0,2,5,1,0,6,1,1,6,1,2,6,1;0,7,0,1,7,0,0,7,1,0,6,2,0,7,2
edge_9826873907416699776_69198939117935103=0,0,0,1,0,0,2,0,0,2,1,0,0,0,1;3,0,0,1,0,1,2,0,1,3,0,1,1,1,1;0,1,0,1,1,0,0,1,1,0,0,2,0,1,2;2,2,0,3,2,0,3,2,1,3,2,2,3,3,2;1,3,0,2,3,0,2,3,1,2,3,2,2,4,2;0,4,0,1,4,0,0,4,1,0,3,2,0,4,2;2,4,0,2,5,0,1,6,0,2,6,0,2,4,1;3,4,0,3,5,0,3,5,1,2,5,2,3,5,2;0,5,0,0,6,0,0,5,1,0,5,2,1,5,2
edge_9838118645322597384_432377517954309327=0,0,0,0,1,0,0,0,1,0,0,2,1,0,2;1,0,0,1,1,0,0,2,0,1,2,0,1,0,1;2,0,0,2,1,0,2,0,1,2,0,2,3,0,2;3,1,0,3,2,0,3,2,1,2,2,2,3,2,2;0,3,0,1,3,0,0,3,1,0,2,2,0,3,2;1,4,0,2,4,0,1,5,0,1,6,0,1,6,1;2,5,0,2,6,0,2,6,1,1,6,2,2,6,2;0,6,0,0,7,0,1,7,0,2,7,0,2,7,1
edge_9853885332833370288_153335395343334858=0,0,0,1,0,0,1,0,1,1,0,2,1,1,2;2,0,0,3,0,0,3,0,1,3,0,2,3,1,2;2,1,0,2,2,0,1,3,0,2,3,0,2,1,1;0,2,0,1,2,0,0,2,1,0,1,2,0,2,2;3,2,0,3,3,0,3,3,1,2,3,2,3,3,2;0,3,0,2,2,1,0,3,1,1,3,1,2,3,1;3,4,0,1,4,1,2,4,1,3,4,1,1,5,1;0,6,0,0,7,0,1,7,0,2,7,0,2,7,1;1,6,0,2,6,0,1,6,1,1,5,2,1,6,2
edge_10106077593871585230_2392554187423983=0,0,0,0,1,0,0,0,1,0,0,2,1,0,2;1,1,0,3,0,1,1,1,1,2,1,1,3,1,1;0,3,0,1,3,0,0,4,0,0,5,0,0,5,1;2,3,0,3,3,0,3,3,1,3,3,2,3,4,2;1,4,0,2,4,0,3,4,0,3,5,0,1,4,1;1,5,0,1,5,1,1,6,1,1,7,1,2,7,1
edge_10106078392735502310_2392554187423983=0,0,0,0,1,0,0,0,1,0,0,2,1,0,2;3,0,0,1,0,1,2,0,1,3,0,1,1,1,1;0,3,0,1,3,0,0,4,0,0,5,0,0,5,1;2,3,0,3,3,0,3,3,1,3,3,2,3,4,2;1,4,0,2,4,0,3,4,0,3,5,0,1,4,1;1,5,0,1,5,1,1,6,1,1,7,1,2,7,1
edge_13258672654949810175_4953959594276701320=3,4,0,3,5,0,3,5,1,2,5,2,3,5,2;2,7,0,3,7,0,2,7,1,2,6,2,2,7,2
edge_13835058108984918012_1225823673882050574=0,0,0,1,0,0,1,0,1,1,0,2,1,1,2;0,4,0,0,5,0,0,4,1,0,4,2,1,4,2;0,6,0,1,6,0,2,6,0,2,7,0,0,6,1;3,6,0,1,6,1,2,6,1,3,6,1,1,7,1;0,7,0,1,7,0,0,7,1,0,6,2,0,7,2
edge_13835058131518324701_9813343617168736275=1,0,0,1,1,0,1,0,1,1,0,2,2,0,2;3,3,0,3,4,0,2,5,0,3,5,0,3,3,1;0,5,0,0,6,0,0,5,1,0,5,2,1,5,2;1,5,0,1,6,0,0,7,0,1,7,0,1,5,1;2,6,0,3,6,0,3,6,1,3,6,2,3,7,2
edge_13835058132171671295_216172786130235357=0,2,0,2,1,1,0,2,1,1,2,1,2,2,1;3,2,0,2,0,1,3,0,1,3,1,1,3,2,1;0,3,0,0,4,0,1,4,0,2,4,0,2,4,1;1,3,0,1,3,1,1,4,1,1,5,1,2,5,1;0,6,0,0,7,0,0,6,1,0,6,2,1,6,2;3,6,0,1,6,1,2,6,1,3,6,1,1,7,1
edge_13835058641560861080_1225826826388047567=0,0,0,1,0,0,2,0,0,2,1,0,0,0,1;1,1,0,1,2,0,1,2,1,0,2,2,1,2,2;2,2,0,1,0,1,2,0,1,2,1,1,2,2,1;0,4,0,0,5,0,0,4,1,0,4,2,1,4,2;0,6,0,1,6,0,2,6,0,2,7,0,0,6,1;3,6,0,1,6,1,2,6,1,3,6,1,1,7,1;0,7,0,1,7,0,0,7,1,0,6,2,0,7,2
edge_13835058643531207167_993961997994120=1,2,0,1,3,0,2,3,0,3,3,0,3,3,1;2,2,0,3,2,0,3,2,1,3,2,2,3,3,2;0,4,0,0,5,0,0,4,1,0,4,2,1,4,2;1,4,0,2,4,0,3,4,0,3,5,0,1,4,1;0,6,0,2,5,1,0,6,1,1,6,1,2,6,1;3,6,0,2,4,1,3,4,1,3,5,1,3,6,1
edge_13835059811776917432_612542329881891225=0,0,0,1,0,0,2,0,0,2,1,0,0,0,1;0,3,0,0,4,0,0,3,1,0,3,2,1,3,2;2,5,0,3,5,0,3,5,1,3,5,2,3,6,2;3,6,0,1,6,1,2,6,1,3,6,1,1,7,1
edge_13835067405003320496_734405971146=0,0,0,1,0,0,1,0,1,1,0,2,1,1,2;2,0,0,3,0,0,3,0,1,3,0,2,3,1,2;2,1,0,2,1,1,2,2,1,2,3,1,3,3,1;0,2,0,1,2,0,0,3,0,0,4,0,0,4,1;0,5,0,1,5,0,0,6,0,0,7,0,0,7,1;3,6,0,1,6,1,2,6,1,3,6,1,1,7,1
edge_13835076763354599681_3510593881193853951=1,0,0,1,1,0,2,1,0,3,1,0,3,1,1;2,0,0,3,0,0,3,0,1,3,0,2,3,1,2;0,1,0,2,0,1,0,1,1,1,1,1,2,1,1;1,2,0,2,2,0,3,2,0,3,3,0,1,2,1;1,3,0,2,3,0,1,3,1,1,2,2,1,3,2;2,4,0,3,4,0,3,4,1,3,4,2,3,5,2;0,5,0,0,6,0,0,5,1,0,5,2,1,5,2;1,5,0,2,5,0,3,5,0,3,6,0,1,5,1;1,6,0,1,7,0,1,7,1,0,7,2,1,7,2;2,6,0,0,6,1,1,6,1,2,6,1,0,7,1
edge_13835076763354599681_3510706031379913215=1,0,0,1,1,0,2,1,0,3,1,0,3,1,1;2,0,0,3,0,0,3,0,1,3,0,2,3,1,2;0,1,0,2,0,1,0,1,1,1,1,1,2,1,1;1,2,0,1,3,0,2,3,0,3,3,0,3,3,1;2,2,0,3,2,0,3,2,1,3,2,2,3,3,2;2,4,0,3,4,0,3,4,1,3,4,2,3,5,2;0,5,0,0,6,0,0,5,1,0,5,2,1,5,2;1,5,0,2,5,0,3,5,0,3,6,0,1,5,1;1,6,0,1,7,0,1,7,1,0,7,2,1,7,2;2,6,0,0,6,1,1,6,1,2,6,1,0,7,1
edge_13835077333258607001_1227371665995846030=1,0,0,1,1,0,1,0,1,1,0,2,2,0,2;2,0,0,2,1,0,1,2,0,2,2,0,2,0,1;1,3,0,1,4,0,2,4,0,3,4,0,3,4,1;2,3,0,3,3,0,3,3,1,3,3,2,3,4,2;0,4,0,2,3,1,0,4,1,1,4,1,2,4,1;0,6,0,1,6,0,2,6,0,2,7,0,0,6,1;3,6,0,1,6,1,2,6,1,3,6,1,1,7,1;0,7,0,1,7,0,0,7,1,0,6,2,0,7,2
edge_13835111126061307884_1225190222041445991=0,0,0,0,1,0,0,0,1,0,0,2,1,0,2;1,0,0,1,0,1,1,1,1,1,2,1,2,2,1;3,2,0,3,3,0,3,3,1,2,3,2,3,3,2;1,3,0,1,4,0,2,4,0,3,4,0,3,4,1;0,4,0,2,3,1,0,4,1,1,4,1,2,4,1;0,6,0,1,6,0,2,6,0,2,7,0,0,6,1;3,6,0,1,6,1,2,6,1,3,6,1,1,7,1;0,7,0,1,7,0,0,7,1,0,6,2,0,7,2
edge_13835208177023519739_14108936678981535=2,0,0,0,0,1,1,0,1,2,0,1,0,1,1;2,2,0,0,2,1,1,2,1,2,2,1,0,3,1;0,3,0,1,3,0,1,3,1,1,3,2,1,4,2;2,3,0,3,3,0,2,4,0,2,5,0,2,5,1;1,4,0,1,5,0,1,5,1,0,5,2,1,5,2;3,4,0,3,5,0,2,6,0,3,6,0,3,4,1;1,6,0,3,5,1,1,6,1,2,6,1,3,6,1
edge_13835357126588976759_620762003935164288=3,0,0,3,1,0,3,1,1,2,1,2,3,1,2;0,2,0,0,3,0,0,2,1,0,2,2,1,2,2;1,3,0,1,4,0,1,3,1,1,3,2,2,3,2;3,3,0,3,4,0,3,4,1,2,4,2,3,4,2;2,4,0,1,2,1,2,2,1,2,3,1,2,4,1;0,5,0,1,5,0,0,5,1,0,4,2,0,5,2;2,5,0,3,5,0,3,5,1,3,5,2,3,6,2;3,6,0,1,6,1,2,6,1,3,6,1,1,7,1
edge_13835656606072422399_19351408017825888=2,3,0,2,4,0,2,3,1,2,3,2,3,3,2;2,5,0,3,5,0,2,5,1,2,4,2,2,5,2;3,6,0,2,4,1,3,4,1,3,5,1,3,6,1
edge_13835903068193943807_216323487952783752=0,2,0,1,2,0,0,2,1,0,1,2,0,2,2;2,2,0,3,2,0,3,2,1,3,2,2,3,3,2;0,5,0,2,4,1,0,5,1,1,5,1,2,5,1;3,5,0,2,3,1,3,3,1,3,4,1,3,5,1;0,6,0,0,7,0,0,6,1,0,6,2,1,6,2;3,6,0,1,6,1,2,6,1,3,6,1,1,7,1
edge_13836900324722274303_1532068302502231944=0,3,0,2,2,1,0,3,1,1,3,1,2,3,1;0,4,0,0,5,0,0,4,1,0,4,2,1,4,2;1,5,0,2,5,0,2,5,1,2,5,2,2,6,2;3,6,0,1,6,1,2,6,1,3,6,1,1,7,1;0,7,0,1,7,0,0,7,1,0,6,2,0,7,2
edge_13836959327796002178_1225824111984365562=0,0,0,0,1,0,1,1,0,2,1,0,2,1,1;2,0,0,3,0,0,3,0,1,3,0,2,3,1,2;1,2,0,3,1,1,1,2,1,2,2,1,3,2,1;0,4,0,0,5,0,0,4,1,0,4,2,1,4,2;1,5,0,3,4,1,1,5,1,2,5,1,3,5,1;0,6,0,1,6,0,2,6,0,2,7,0,0,6,1;3,6,0,1,6,1,2,6,1,3,6,1,1,7,1;0,7,0,1,7,0,0,7,1,0,6,2,0,7,2
edge_13838435832177844377_3714845699955=1,0,0,1,0,1,1,1,1,1,2,1,2,2,1;2,0,0,2,1,0,2,1,1,1,1,2,2,1,2;1,1,0,1,2,0,2,2,0,3,2,0,3,2,1;0,2,0,0,3,0,0,2,1,0,2,2,1,2,2;3,3,0,1,3,1,2,3,1,3,3,1,1,4,1;3,6,0,1,6,1,2,6,1,3,6,1,1,7,1
edge_13838436051221176524_3315413741415=0,0,0,0,1,0,0,0,1,0,0,2,1,0,2;1,0,0,1,0,1,1,1,1,1,2,1,2,2,1;1,1,0,1,2,0,2,2,0,3,2,0,3,2,1;0,2,0,0,3,0,0,2,1,0,2,2,1,2,2;3,3,0,1,3,1,2,3,1,3,3,1,1,4,1;3,6,0,1,6,1,2,6,1,3,6,1,1,7,1
edge_13838436581787329139_1225281468621488607=2,0,0,0,0,1,1,0,1,2,0,1,0,1,1;3,0,0,3,1,0,2,2,0,3,2,0,3,0,1;0,2,0,0,3,0,0,2,1,0,2,2,1,2,2;3,3,0,3,4,0,2,5,0,3,5,0,3,3,1;0,4,0,1,4,0,0,4,1,0,3,2,0,4,2;0,6,0,1,6,0,2,6,0,2,7,0,0,6,1;3,6,0,1,6,1,2,6,1,3,6,1,1,7,1;0,7,0,1,7,0,0,7,1,0,6,2,0,7,2
edge_13838585290748129088_1234551588597504819=0,0,0,0,0,1,0,1,1,0,2,1,1,2,1;1,0,0,2,0,0,3,0,0,3,1,0,1,0,1;0,1,0,1,1,0,1,1,1,1,1,2,1,2,2;0,3,0,0,3,1,0,4,1,0,5,1,1,5,1;0,4,0,1,4,0,1,4,1,1,4,2,1,5,2;0,6,0,1,6,0,2,6,0,2,7,0,0,6,1;3,6,0,1,6,1,2,6,1,3,6,1,1,7,1;0,7,0,1,7,0,0,7,1,0,6,2,0,7,2
edge_13839993835458206088_828662626979409783=0,0,0,0,1,0,1,1,0,2,1,0,2,1,1;1,0,0,2,0,0,2,0,1,2,0,2,2,1,2;1,2,0,0,0,1,1,0,1,1,1,1,1,2,1;2,2,0,2,2,1,2,3,1,2,4,1,3,4,1;1,3,0,2,3,0,3,3,0,3,4,0,1,3,1;1,4,0,1,4,1,1,5,1,1,6,1,2,6,1;1,5,0,1,6,0,2,6,0,3,6,0,3,6,1;2,5,0,3,5,0,3,5,1,3,5,2,3,6,2;0,6,0,0,7,0,0,6,1,0,6,2,1,6,2
edge_13848569442374589576_54043263961852047=0,0,0,0,1,0,0,0,1,0,0,2,1,0,2;1,0,0,1,1,0,0,2,0,1,2,0,1,0,1;2,0,0,2,1,0,2,0,1,2,0,2,3,0,2;1,3,0,3,2,1,1,3,1,2,3,1,3,3,1;2,3,0,3,3,0,2,4,0,2,5,0,2,5,1;1,4,0,1,5,0,0,6,0,1,6,0,1,4,1;3,4,0,3,5,0,3,5,1,2,5,2,3,5,2;3,6,0,1,6,1,2,6,1,3,6,1,1,7,1
edge_13862079682966458318_2392554187423983=0,0,0,0,1,0,0,0,1,0,0,2,1,0,2;1,1,0,3,0,1,1,1,1,2,1,1,3,1,1;0,3,0,1,3,0,0,4,0,0,5,0,0,5,1;2,3,0,3,3,0,3,3,1,3,3,2,3,4,2;1,4,0,2,4,0,3,4,0,3,5,0,1,4,1;3,6,0,1,6,1,2,6,1,3,6,1,1,7,1
edge_13862080481830375398_2392554187423983=0,0,0,0,1,0,0,0,1,0,0,2,1,0,2;3,0,0,1,0,1,2,0,1,3,0,1,1,1,1;0,3,0,1,3,0,0,4,0,0,5,0,0,5,1;2,3,0,3,3,0,3,3,1,3,3,2,3,4,2;1,4,0,2,4,0,3,4,0,3,5,0,1,4,1;3,6,0,1,6,1,2,6,1,3,6,1,1,7,1
edge_13862080625860708494_1283912939072877027=0,0,0,0,1,0,0,0,1,0,0,2,1,0,2;1,1,0,2,1,0,1,2,0,1,3,0,1,3,1;0,2,0,0,2,1,0,3,1,0,4,1,1,4,1;2,2,0,2,3,0,2,3,1,1,3,2,2,3,2;0,3,0,0,4,0,1,4,0,2,4,0,2,4,1;3,4,0,3,5,0,3,5,1,2,5,2,3,5,2;0,5,0,1,5,0,0,5,1,0,4,2,0,5,2;0,6,0,1,6,0,2,6,0,2,7,0,0,6,1;3,6,0,1,6,1,2,6,1,3,6,1,1,7,1;0,7,0,1,7,0,0,7,1,0,6,2,0,7,2
edge_13873338667156160523_1229796114913893615=2,0,0,2,1,0,2,0,1,2,0,2,3,0,2;0,1,0,0,2,0,1,2,0,2,2,0,2,2,1;1,1,0,3,0,1,1,1,1,2,1,1,3,1,1;3,1,0,3,2,0,3,2,1,2,2,2,3,2,2;0,3,0,1,3,0,0,3,1,0,2,2,0,3,2;0,4,0,1,4,0,2,4,0,2,5,0,0,4,1;0,5,0,1,5,0,0,5,1,0,4,2,0,5,2;0,6,0,1,6,0,2,6,0,2,7,0,0,6,1;3,6,0,1,6,1,2,6,1,3,6,1,1,7,1;0,7,0,1,7,0,0,7,1,0,6,2,0,7,2
edge_13873338667156160523_1244151338729479407=2,0,0,2,1,0,2,0,1,2,0,2,3,0,2;0,1,0,0,2,0,1,2,0,2,2,0,2,2,1;1,1,0,3,0,1,1,1,1,2,1,1,3,1,1;3,1,0,3,2,0,3,2,1,2,2,2,3,2,2;0,3,0,1,3,0,0,3,1,0,2,2,0,3,2;0,4,0,0,5,0,1,5,0,2,5,0,2,5,1;1,4,0,2,4,0,2,4,1,2,4,2,2,5,2;0,6,0,1,6,0,2,6,0,2,7,0,0,6,1;3,6,0,1,6,1,2,6,1,3,6,1,1,7,1;0,7,0,1,7,0,0,7,1,0,6,2,0,7,2
edge_13873338705818681340_1224979248960765966=0,0,0,1,0,0,1,0,1,1,0,2,1,1,2;0,6,0,1,6,0,2,6,0,2,7,0,0,6,1;3,6,0,1,6,1,2,6,1,3,6,1,1,7,1;0,7,0,1,7,0,0,7,1,0,6,2,0,7,2
edge_13873343327203491264_1224979115816781423=0,0,0,0,1,0,0,0,1,0,0,2,1,0,2;1,0,0,2,0,0,1,1,0,1,2,0,1,2,1;3,0,0,1,0,1,2,0,1,3,0,1,1,1,1;0,6,0,1,6,0,2,6,0,2,7,0,0,6,1;3,6,0,1,6,1,2,6,1,3,6,1,1,7,1;0,7,0,1,7,0,0,7,1,0,6,2,0,7,2
edge_13889101254685585527_216210169534515912=3,0,0,3,1,0,2,2,0,3,2,0,3,0,1;0,2,0,1,2,0,1,2,1,1,2,2,1,3,2;3,3,0,2,1,1,3,1,1,3,2,1,3,3,1;3,4,0,1,4,1,2,4,1,3,4,1,1,5,1;0,6,0,0,7,0,0,6,1,0,6,2,1,6,2;3,6,0,1,6,1,2,6,1,3,6,1,1,7,1
edge_13889101838161014504_3765009292587988383=0,0,0,1,0,0,0,1,0,0,2,0,0,2,1;2,0,0,0,0,1,1,0,1,2,0,1,0,1,1;0,3,0,2,2,1,0,3,1,1,3,1,2,3,1;0,5,0,1,5,0,0,6,0,0,7,0,0,7,1;1,6,0,1,7,0,1,7,1,0,7,2,1,7,2;2,6,0,3,6,0,2,6,1,2,5,2,2,6,2
edge_13889313185971037943_38283898601926638=3,0,0,1,0,1,2,0,1,3,0,1,1,1,1;0,2,0,0,3,0,0,2,1,0,2,2,1,2,2;3,2,0,1,2,1,2,2,1,3,2,1,1,3,1;2,4,0,3,4,0,3,4,1,3,4,2,3,5,2
edge_13889313673465757058_1225824111984365562=0,0,0,0,1,0,1,1,0,2,1,0,2,1,1;2,0,0,3,0,0,3,0,1,3,0,2,3,1,2;1,2,0,3,1,1,1,2,1,2,2,1,3,2,1;0,4,0,0,5,0,0,4,1,0,4,2,1,4,2;3,4,0,1,4,1,2,4,1,3,4,1,1,5,1;0,6,0,1,6,0,2,6,0,2,7,0,0,6,1;3,6,0,1,6,1,2,6,1,3,6,1,1,7,1;0,7,0,1,7,0,0,7,1,0,6,2,0,7,2
edge_13893924295082588043_1234549376701951740=2,0,0,2,1,0,2,0,1,2,0,2,3,0,2;0,1,0,1,1,0,0,1,1,0,0,2,0,1,2;3,2,0,3,3,0,2,4,0,3,4,0,3,2,1;2,3,0,1,1,1,2,1,1,2,2,1,2,3,1;1,4,0,3,3,1,1,4,1,2,4,1,3,4,1;1,5,0,2,5,0,1,5,1,1,4,2,1,5,2;0,6,0,1,6,0,2,6,0,2,7,0,0,6,1;3,6,0,1,6,1,2,6,1,3,6,1,1,7,1;0,7,0,1,7,0,0,7,1,0,6,2,0,7,2
edge_13900360252177055982_1244272245584201985=0,0,0,0,1,0,0,0,1,0,0,2,1,0,2;0,2,0,0,3,0,0,2,1,0,2,2,1,2,2;1,2,0,1,3,0,2,3,0,3,3,0,3,3,1;2,2,0,3,2,0,3,2,1,3,2,2,3,3,2;1,4,0,2,4,0,2,4,1,2,4,2,2,5,2;0,6,0,1,6,0,2,6,0,2,7,0,0,6,1;0,7,0,1,7,0,0,7,1,0,6,2,0,7,2
edge_15087062465193701235_2449959026216171511=2,0,0,0,0,1,1,0,1,2,0,1,0,1,1;3,0,0,3,1,0,3,1,1,2,1,2,3,1,2;0,3,0,2,2,1,0,3,1,1,3,1,2,3,1;1,6,0,3,5,1,1,6,1,2,6,1,3,6,1;1,7,0,2,7,0,1,7,1,1,6,2,1,7,2
edge_15087082118964051795_2449959026216171511=2,0,0,0,0,1,1,0,1,2,0,1,0,1,1;3,0,0,3,1,0,3,1,1,2,1,2,3,1,2;1,1,0,1,1,1,1,2,1,1,3,1,2,3,1;1,6,0,3,5,1,1,6,1,2,6,1,3,6,1;1,7,0,2,7,0,1,7,1,1,6,2,1,7,2
edge_15366436139191797843_866751342080163831=2,0,0,0,0,1,1,0,1,2,0,1,0,1,1;3,0,0,3,1,0,3,1,1,2,1,2,3,1,2;1,1,0,1,1,1,1,2,1,1,3,1,2,3,1;0,2,0,1,2,0,2,2,0,2,3,0,0,2,1;0,3,0,1,3,0,0,3,1,0,2,2,0,3,2;0,4,0,0,5,0,0,4,1,0,4,2,1,4,2;1,4,0,1,5,0,0,6,0,1,6,0,1,4,1;2,4,0,3,4,0,2,4,1,2,3,2,2,4,2;3,5,0,3,6,0,3,6,1,2,6,2,3,6,2
edge_15366493451235393651_866751342080163831=2,0,0,0,0,1,1,0,1,2,0,1,0,1,1;3,0,0,3,1,0,3,1,1,2,1,2,3,1,2;0,2,0,1,2,0,2,2,0,2,3,0,0,2,1;3,2,0,1,2,1,2,2,1,3,2,1,1,3,1;0,3,0,1,3,0,0,3,1,0,2,2,0,3,2;0,4,0,0,5,0,0,4,1,0,4,2,1,4,2;1,4,0,1,5,0,0,6,0,1,6,0,1,4,1;2,4,0,3,4,0,2,4,1,2,3,2,2,4,2;3,5,0,3,6,0,3,6,1,2,6,2,3,6,2
edge_17293822573182971664_864691716801762201=0,0,0,0,0,1,0,1,1,0,2,1,1,2,1;1,0,0,1,1,0,2,1,0,3,1,0,3,1,1;2,0,0,3,0,0,3,0,1,3,0,2,3,1,2;0,3,0,0,3,1,0,4,1,0,5,1,1,5,1;2,4,0,3,4,0,2,5,0,2,6,0,2,6,1;3,5,0,3,6,0,3,6,1,2,6,2,3,6,2
edge_17293822573196345343_306244778754834432=2,6,0,3,6,0,2,6,1,2,5,2,2,6,2
edge_17293822637554016271_308646868265048223=0,1,0,0,2,0,0,1,1,0,1,2,1,1,2;1,1,0,1,2,0,2,2,0,3,2,0,3,2,1;2,1,0,3,1,0,3,1,1,3,1,2,3,2,2;0,3,0,0,3,1,0,4,1,0,5,1,1,5,1;2,3,0,3,3,0,3,3,1,3,3,2,3,4,2;0,4,0,1,4,0,0,5,0,0,6,0,0,6,1;3,4,0,3,5,0,2,6,0,3,6,0,3,4,1;1,5,0,2,5,0,2,5,1,2,5,2,2,6,2;1,6,0,3,5,1,1,6,1,2,6,1,3,6,1
edge_17293822637554016271_941553729924603903=0,1,0,1,1,0,0,2,0,0,3,0,0,3,1;2,1,0,0,1,1,1,1,1,2,1,1,0,2,1;3,1,0,3,2,0,2,3,0,3,3,0,3,1,1;1,2,0,2,2,0,1,2,1,1,1,2,1,2,2;0,4,0,1,4,0,0,4,1,0,3,2,0,4,2;3,4,0,2,2,1,3,2,1,3,3,1,3,4,1;0,5,0,1,5,0,2,5,0,2,6,0,0,5,1;3,5,0,3,6,0,3,6,1,2,6,2,3,6,2;0,6,0,1,6,0,0,6,1,0,5,2,0,6,2
edge_17293825871682424695_9826873907416699776=3,0,0,3,1,0,3,1,1,2,1,2,3,1,2;0,3,0,1,3,0,0,3,1,0,2,2,0,3,2;3,3,0,3,4,0,2,5,0,3,5,0,3,3,1;1,5,0,1,6,0,1,5,1,1,5,2,2,5,2;2,6,0,3,6,0,3,6,1,3,6,2,3,7,2
edge_17295028187630141430_4096019391=0,0,0,0,0,1,0,1,1,0,2,1,1,2,1;3,0,0,1,0,1,2,0,1,3,0,1,1,1,1;0,5,0,0,6,0,1,6,0,2,6,0,2,6,1;1,5,0,2,5,0,3,5,0,3,6,0,1,5,1
edge_17306823198616993791_613408745337090048=2,3,0,3,3,0,2,3,1,2,2,2,2,3,2;0,4,0,0,5,0,0,4,1,0,4,2,1,4,2;1,5,0,1,6,0,2,6,0,3,6,0,3,6,1;2,5,0,3,5,0,3,5,1,3,5,2,3,6,2;0,6,0,2,5,1,0,6,1,1,6,1,2,6,1
edge_17345614381214863731_864841490914838775=2,0,0,0,0,1,1,0,1,2,0,1,0,1,1;3,0,0,3,1,0,3,1,1,2,1,2,3,1,2;1,2,0,1,3,0,2,3,0,3,3,0,3,3,1;2,2,0,3,2,0,3,2,1,3,2,2,3,3,2;0,4,0,1,4,0,2,4,0,2,5,0,0,4,1;3,5,0,3,6,0,3,6,1,2,6,2,3,6,2;2,6,0,1,4,1,2,4,1,2,5,1,2,6,1
edge_0_17293822637554016271=0,0,0,0,1,0,0,0,1,0,0,2,1,0,2;1,0,0,1,1,0,0,2,0,1,2,0,1,0,1;2,0,0,2,1,0,2,0,1,2,0,2,3,0,2;3,0,0,3,1,0,2,2,0,3,2,0,3,0,1;0,3,0,0,4,0,1,4,0,2,4,0,2,4,1;1,3,0,2,3,0,3,3,0,3,4,0,1,3,1;0,5,0,1,5,0,0,6,0,0,7,0,0,7,1;2,5,0,3,5,0,2,6,0,2,7,0,2,7,1;1,6,0,1,7,0,1,7,1,0,7,2,1,7,2;3,6,0,3,7,0,3,7,1,2,7,2,3,7,2
